 525
   1    23.191    37.727    10.276  156  161  250  198
   2    21.335    42.362    11.610  108  115  168  124
   3    -5.460    33.001     0.963  212  212  341  284
   4     9.257    13.453     9.254  481  486  727  658
   5   -12.662    18.722     3.926  399  401  624  556
   6    38.725    50.429    11.132   37   51   52   17
   7   -48.413    34.716    13.488  192  180  313  268
   8   -22.773    34.547    14.740  195  188  322  264
   9    -5.702    36.416     5.801  169  167  279  220
  10   -10.907    36.290     3.837  172  164  280  221
  11    15.128   -30.517    17.439 1170 1028 1593 1556
  12    20.989    33.146     6.009  216  219  328  281
  13   -49.102    16.665    13.179  422  427  698  601
  14     6.669    13.615    -2.393  476  481  712  644
  15   -17.562    26.300     6.880  291  301  482  403
  16   -28.291    15.863     6.549  438  440  689  611
  17    27.559    41.424    11.665  115  127  182  141
  18     8.678    28.779    10.417  271  274  422  357
  19    12.861    16.307     3.339  439  447  659  598
  20   -18.301    47.769    10.266   50   58  103   62
  21    26.020   -30.286     3.719 1158 1041 1536 1506
  22    28.637   -30.916    -0.527 1199 1036 1531 1508
  23    38.668    50.431    15.405   36   52   55   25
  24    38.462    10.709    13.268  545  523  772  731
  25    22.049   -29.310    12.365 1153 1013 1543 1502
  26    11.558   -31.108    14.104 1191 1029 1602 1560
  27   -30.268    31.824    14.713  234  224  379  313
  28    -7.594    39.566     5.790  127  134  211  171
  29   -36.166    29.020     8.653  262  260  438  355
  30   -30.386    29.190    13.279  263  261  435  356
  31    22.785   -30.805     2.708 1194 1034 1545 1511
  32    39.019   -31.617    11.790 1200 1047 1585 1581
  33    30.058    31.806     5.622  237  247  355  297
  34    12.629    22.875     5.741  340  347  524  458
  35   -18.417    44.208     8.926   85   93  150  110
  36   -15.789    43.577    10.584   93   97  157  116
  37     2.291    -6.214     6.419  808  750 1133 1087
  38   -48.491    40.717    14.938  122  113  210  153
  39   -49.299     8.432    20.660  556  539  865  784
  40     1.196    43.232     2.678   94   99  154  114
  41   -16.502    20.767     8.913  369  366  600  520
  42   -48.732     2.217    21.732  644  623 1016  917
  43    22.335    25.734     7.236  312  322  473  412
  44    -6.356    22.363     5.869  344  348  551  479
  45     6.758    35.391     7.137  187  184  292  237
  46   -12.361    31.441     4.522  235  232  373  309
  47     9.266    30.386     6.411  257  257  384  326
  48     6.382   -29.239    -8.534 1155 1025 1492 1457
  49     6.813   -30.737   -21.176 1197 1088 1482 1454
  50     8.811   -31.165    13.741 1187 1022 1610 1551
  51    10.378    20.634     6.865  380  376  586  518
  52   -14.822    47.521     9.108   51   59  109   65
  53   -25.308    39.977    10.701  124  126  213  170
  54   -16.770    22.838     6.414  332  338  545  469
  55     5.616    21.189     7.826  367  369  574  506
  56    -7.396   -29.819   -12.305 1166 1033 1509 1456
  57    10.727    37.694     5.969  150  157  255  200
  58    35.310    26.328     7.715  302  317  467  393
  59   -27.219    30.466    13.558  254  248  402  336
  60   -52.920   -11.394   -13.509  867  834 1231 1145
  61   -51.547    30.269   -12.264  230  243  383  324
  62    38.868    20.390     2.641  388  394  558  507
  63   -12.542    19.901     6.792  381  384  611  536
  64    -8.296    26.307     7.275  294  304  478  401
  65    -9.515    15.424     7.773  454  449  696  621
  66     9.181   -30.408   -15.209 1190 1072 1495 1462
  67   -16.686    31.518     9.716  233  239  377  316
  68   -15.423    16.816     9.834  428  424  679  599
  69    39.070    35.611    12.159  191  190  286  234
  70   -10.997    25.023     3.958  315  318  498  420
  71     7.373   -25.221   -15.137 1114  997 1400 1377
  72   -23.342     9.446    18.090  547  528  826  762
  73   -10.984    26.535     8.695  286  299  474  399
  74     3.068    42.309     4.830  104  107  171  129
  75    37.228    26.790     7.425  279  320  464  404
  76    -6.284   -26.074    -0.015 1105  999 1462 1424
  77    11.873    42.314     8.876  107  109  170  128
  78    -7.842    42.460     8.110  102  105  173  131
  79   -30.651     1.087     3.696  662  655  988  910
  80   -50.457   -21.459     9.040 1027  924 1425 1356
  81    -6.870   -16.325    14.396  976  875 1328 1301
  82    21.765    46.716    13.304   65   82  112   68
  83   -26.422   -10.607   -17.396  880  821 1180 1126
  84    -3.110    15.024     5.662  458  455  702  630
  85   -12.405    25.827     8.962  300  312  494  414
  86    15.157    12.040    14.539  515  498  761  708
  87   -55.976    16.914     4.747  401  415  688  600
  88     8.909    43.162     5.717   97  101  155  115
  89    23.179    15.980     8.850  455  452  674  616
  90     7.690     9.619   -14.558  543  545  771  711
  91   -25.317    17.117     8.003  418  420  673  586
  92     7.662   -29.418    -4.159 1162 1019 1501 1471
  93     3.356   -31.064    -6.779 1196 1067 1535 1476
  94    22.912    21.008     5.875  373  380  563  512
  95    -4.856    12.360     9.108  500  493  755  685
  96    15.056    28.214     7.481  278  283  434  363
  97   -16.605    16.885     2.511  424  426  654  584
  98   -46.851   -29.645   -15.120 1145 1048 1511 1431
  99    38.279    -6.648     4.354  863  754 1107 1079
 100     0.235   -25.455   -14.161 1106 1000 1417 1383
 101   -51.181    26.202   -18.380  289  276  458  370
 102   -37.694    -0.209     9.728  665  676 1056  966
 103   -40.098    34.843    10.509  173  182  335  266
 104   -42.063   -30.227     9.032 1189 1011 1594 1470
 105    36.645    -8.091     2.730  856  788 1146 1130
 106     7.259    33.045     9.978  219   -1  343  291
 107    13.603   -31.651     9.306   -1 1043 1601 1558
 108   -48.458    30.061    -6.333  238   -1  396  327
 109    37.723    11.281     0.570  522   -1  745  703
 110    35.609    -3.300     9.391  771  712 1064   -1
 111   -45.638    15.538    20.869  448   -1  731  637
 112    22.023   -34.326   -10.416   -1 1111 1597 1567
 113    37.357    22.809    12.057   -1  356  526  471
 114   -10.338   -31.385    -1.122   -1 1054 1582 1491
 115   -26.465     0.474    10.522   -1  659 1019  941
 116   -51.329    15.593   -13.036   -1  441  683  590
 117    27.541   -30.298    18.403 1178   -1 1580 1563
 118   -49.327    44.835    20.996   84   -1  144  118
 119   -26.309     0.987    16.522  672   -1 1020  942
 120   -27.910    17.593     4.061   -1  414  651  573
 121   -12.096     2.343     4.145  648   -1  949  886
 122   -49.151    12.708    -5.241   -1  470  763  655
 123   -48.849    18.299    14.189   -1  392  668  571
 124    26.397    38.050    -0.280  142   -1  231  183
 125    41.743    26.449    10.488  307  314   -1  398
 126     9.989    -4.040     9.008   -1  720 1083 1030
 127     1.549    21.528    10.038  362   -1  573  502
 128    35.450    49.570     5.916   40   57   68   -1
 129   -14.371     5.453     7.948  594   -1  890  822
 130     7.487    21.432     7.672  365   -1  569  500
 131    37.510     6.189     8.326  609  583  846   -1
 132    38.390    50.933    12.205   -1   49   45    8
 133    55.993    38.147    11.137   -1  169  225  185
 134    38.494    54.859     7.619    4   18    3   -1
 135    15.951   -31.257     5.408   -1 1038 1562 1526
 136   -11.289    36.186     4.390   -1  168  287  227
 137   -44.880    18.233    12.890  406   -1  656  565
 138   -10.518    10.093     7.218  536   -1  798  732
 139   -47.231     7.560    -8.604  560   -1  831  756
 140     5.622    13.122    10.011   -1  484  738  671
 141   -60.756    34.135    11.509   -1  179  346  277
 142   -13.945    -5.589    -0.892  796  741 1111   -1
 143   -26.521    51.127     6.271   -1   30   51   23
 144   -44.599   -30.077     8.664 1150   -1 1609 1477
 145     1.999   -30.843   -13.675 1185 1084 1513   -1
 146   -30.318    -6.605     9.620   -1  746 1167 1095
 147   -10.990   -10.908    18.989  885  803   -1 1208
 148     4.004    34.625    11.502  194  194  309   -1
 149     6.387    13.350    11.151  483   -1  733  670
 150    49.339    44.157     1.369   86   -1  132   92
 151    48.301    22.683    -0.033  350  370  514   -1
 152    35.131    54.667    11.356    6   19    4   -1
 153   -25.251     1.064    20.487  673   -1 1033  945
 154    23.094    38.541   -10.487   -1  150  206  169
 155   -23.455    48.682    -1.704   -1   44   85   51
 156    39.475    11.477   -13.889  519  530  720   -1
 157   -37.913    22.666     9.129   -1  333  565  481
 158    48.531    35.575     1.866  182   -1  276  226
 159   -20.073    31.259    -4.634   -1  235  368  306
 160    53.016    49.436    15.368   -1   63   69   35
 161   -33.995    51.855     9.862   18   -1   40   13
 162    37.775    18.090    13.979  426  421  627   -1
 163   -48.906     6.004    20.378  579  570   -1  830
 164   -27.938    44.464     9.447   -1   86  152  109
 165   -30.253     1.203    -2.964  660   -1  966  897
 166     1.936   -23.141     1.730 1071  952 1408   -1
 167   -38.469    44.485     6.116   75   -1  151  105
 168    37.667    19.102     6.297  407  405  602   -1
 169    30.838    22.126   -12.026  342  373  516   -1
 170   -34.342    35.585    -9.249  160   -1  289  231
 171   -35.800    14.594    11.062   -1  450  730  645
 172   -31.996    29.314     9.043   -1  258  430  350
 173    18.773   -30.122    20.956 1171   -1 1596 1554
 174    16.404    51.239     6.376   25   -1   38    9
 175   -38.213    33.438    10.745  204   -1  352  292
 176    51.848    30.145     1.280   -1  271  372  323
 177    22.191   -31.547     6.079   -1 1051 1576 1538
 178    16.272   -30.337   -17.851 1193 1066 1486   -1
 179   -28.847    -8.192    10.957   -1  767 1201 1128
 180   -18.132    27.624     6.928  281   -1  453  373
 181   -35.876    45.177    16.996   76   -1  137  104
 182     1.679   -33.506     9.531   -1 1090 1623 1589
 183    11.759    51.025    10.115   27   40   44   -1
 184    26.864    21.508    12.831  371   -1  567  503
 185    18.438   -12.008     5.226  906   -1 1233 1210
 186    53.152    37.629    11.399   -1  174  244  196
 187   -38.850    37.162     3.121  146   -1  274  214
 188   -50.679    18.289   -10.378  386  400   -1  549
 189   -59.963    -7.561   -10.425  813   -1 1156 1061
 190    -5.955    -6.705    13.347  819   -1 1160 1106
 191    -6.861    -6.554    15.943  818   -1 1165 1102
 192    39.987     1.601   -15.835  683  680  891   -1
 193     1.081    45.028     8.648   80   92   -1   91
 194    13.137    19.289     5.863  393   -1  610  547
 195   -51.522   -28.289   -13.101 1124 1018   -1 1406
 196   -14.010     6.307     9.430  581   -1  878  811
 197    54.073    47.685     3.553   -1   81   86   50
 198    -1.519   -30.653   -11.311 1182 1073 1504   -1
 199    15.883    22.092     7.461  356   -1  550  490
 200   -27.283   -13.064     9.950  907   -1 1274 1230
 201   -49.248    52.735     2.140    5   15   31   -1
 202   -62.411    43.362    13.640   -1   89  178  126
 203    37.743    -0.576    12.193  723  689  993   -1
 204   -60.472    30.681     9.626   -1  228  410  332
 205    12.881     5.198   -18.063  603   -1  834  789
 206    -0.932    34.233     7.168   -1  198  316  262
 207   -60.048   -19.192   -12.058  996   -1 1355 1284
 208    16.798   -22.270    -3.053   -1  947 1379 1365
 209    48.875    29.193     2.907  270  285  393   -1
 210   -52.518   -22.997   -11.176 1054  961   -1 1340
 211    33.241    51.362    -7.713   17   39   28   -1
 212     9.012   -11.291   -21.570  899   -1 1171 1134
 213   -36.502    -0.065    12.237  685   -1 1042  959
 214   -42.892    23.585   -16.349  308  330   -1  435
 215    11.954    41.954    11.778  110  117  180   -1
 216    21.325   -31.371     2.163   -1 1052 1548 1521
 217   -29.987    45.248     6.682   -1   80  133   94
 218   -40.146   -22.356    16.062   -1  935 1444 1388
 219   -48.393    19.803    -1.440   -1  378  613  528
 220   -53.560     8.495    18.264  551   -1  864  779
 221   -21.916    10.862    -1.683  512   -1  778  705
 222   -50.119   -20.603    19.839 1009  910 1434   -1
 223   -50.691    19.900   -16.412  359  374   -1  504
 224    21.717    16.575    12.918  444   -1  671  607
 225    11.800     1.423     5.556  680   -1  952  913
 226   -48.735     1.385     1.160  652  650  984   -1
 227     7.084    34.209     6.535  201   -1  312  257
 228   -21.900    -8.366     0.014  836  775   -1 1110
 229   -13.446   -16.991    19.200  980  879   -1 1309
 230   -20.182    13.187     1.593   -1  478  739  652
 231   -14.793    -1.565     3.974  716   -1 1048  977
 232   -17.778   -13.832    20.913  923   -1 1308 1263
 233    16.711   -32.884     4.917   -1 1089 1611 1580
 234   -60.119    37.802    16.421  147  138   -1  218
 235   -61.563     4.022    15.956  612   -1  959  867
 236    24.514   -14.466    17.158   -1  851 1290 1277
 237    28.993   -12.205     9.280  915   -1 1236 1229
 238   -25.416   -16.235    -1.496   -1  885 1309 1265
 239   -47.146    28.130     4.468   -1  267  456  366
 240    10.413    21.390    15.083  372  364  582   -1
 241    23.731    50.617     5.904   32   -1   48   19
 242    37.051   -13.752    -2.524   -1  859 1237 1231
 243    38.025   -19.022    -0.979 1019   -1 1314 1331
 244   -28.333    35.109     6.578   -1  178  308  243
 245   -28.986    33.605    -1.609   -1  197  332  271
 246   -21.802    39.624   -13.005  113  129   -1  160
 247   -11.401    14.348     6.217  467  465   -1  641
 248   -40.064   -14.551     1.878  930  855   -1 1234
 249    38.759    12.816    14.193  504   -1  732  686
 250    21.282   -12.529     3.167  920  839   -1 1220
 251   -29.300   -14.123     5.609  924  849 1292   -1
 252    -0.479    22.985     7.921  335   -1  540  464
 253    31.869    -3.313    11.691  777  707 1067   -1
 254   -46.885    -7.729   -11.325  816  778 1150   -1
 255    37.048    47.580    11.963   59   72   89   -1
 256    36.076    33.257    16.915   -1  227  333  287
 257   -36.376    -8.292    13.247  829   -1 1216 1131
 258   -15.068     2.737     1.596  642  631   -1  876
 259    18.841    -1.569    -5.151  725   -1  998  963
 260   -28.894   -19.803     7.322 1005  914   -1 1326
 261   -31.005    24.517    17.841  318   -1  527  441
 262    45.860    41.411    -6.780  109   -1  163  127
 263   -19.312    23.156    10.160  328   -1  546  467
 264   -34.217    -0.274    10.704  691   -1 1041  958
 265    34.273    53.545    10.276   12   27    9   -1
 266     6.468    44.208     8.351   83   -1  143  102
 267    -9.045     3.353     4.823  635   -1  925  870
 268    20.542     2.325    19.279  669   -1  954  920
 269     8.553    50.526     7.846   30   -1   59   28
 270    24.264    14.751    18.549   -1  463  714  646
 271    22.230   -21.107     7.860   -1  931 1381 1364
 272   -31.053    -4.405    11.653   -1  713 1125 1039
 273    37.596    41.831     6.838  116  121  162   -1
 274   -27.147     7.078    -0.745  570   -1  847  777
 275   -36.908    -9.108     8.364  843  781   -1 1141
 276    -7.449    27.007     7.442  282   -1  465  385
 277   -53.013     1.215     9.900   -1  643 1013  923
 278   -38.126    39.685     0.190  114   -1  222  174
 279   -45.451   -12.107    13.505  881   -1 1280 1223
 280     2.181     2.975    11.442  646  629   -1  895
 281   -48.613     9.317    -0.138  534  536  813   -1
 282   -60.682     2.956   -12.078  623  628   -1  842
 283   -49.779     0.196    19.814   -1  651 1063  969
 284    29.047    15.009     3.540   -1  468  681  626
 285    38.374     1.133    16.575  694   -1  972  946
 286    14.679   -30.926   -20.638   -1 1092 1490 1458
 287   -22.853    -4.852    -3.112  779   -1 1096 1019
 288   -13.223   -30.494     5.907 1163   -1 1588 1490
 289   -60.840   -13.228    13.199  900  830 1300   -1
 290   -49.684    28.379     8.751   -1  266  449  365
 291    18.560    23.771     9.114  327   -1  511  445
 292   -39.214   -14.011    20.154  921   -1 1322 1259
 293   -10.204    -3.819     8.978   -1  709 1095 1021
 294    35.553   -25.930     0.368 1128  987 1435   -1
 295    28.945    38.093     6.999  152  158  238   -1
 296   -17.711    23.714   -14.086  316  332   -1  427
 297    -4.623   -17.324    -6.332  987   -1 1304 1278
 298     5.634    23.188    10.882  337   -1  537  456
 299     2.940    26.217     9.588  299   -1  481  406
 300   -49.505    24.527     2.940   -1  313  520  433
 301   -13.966    -0.173   -13.978  689  692   -1  909
 302   -37.212    12.620     2.672  490   -1  757  665
 303    41.995    31.749    -1.661  231   -1  350  296
 304    23.996   -32.833     2.973   -1 1091 1603 1570
 305   -49.834    38.523    16.620   -1  135  264  205
 306    14.232    10.338     9.067  542   -1  784  727
 307     1.027    -4.033    13.672  765  716 1103   -1
 308   -61.994    -7.618    16.112  812   -1 1221 1119
 309     6.273    -5.020     9.145   -1  735 1109 1057
 310    18.267   -27.844    -3.495 1140 1006 1466   -1
 311   -60.297     6.303    14.755  577   -1  911  813
 312   -49.648     0.624     6.356   -1  657 1023  924
 313   -15.763    14.223   -10.845   -1  469  693  620
 314   -35.638    28.073    12.831  276   -1  461  372
 315    21.277   -30.046    16.397 1175   -1 1560 1533
 316   -26.741   -24.465    18.019 1074   -1 1487 1418
 317    15.899    40.869     7.275   -1  131  185  149
 318   -24.078     4.494     7.754  617   -1  917  846
 319    18.315    22.743     7.449  345  352  533   -1
 320   -32.893   -27.396     9.334 1118   -1 1523 1451
 321    13.632    26.927   -17.759  280   -1  419  361
 322    41.043    -4.913   -14.514  802   -1 1045 1010
 323   -21.766   -21.563    19.451 1037   -1 1429 1384
 324   -63.583   -14.186    -3.849  912  852   -1 1211
 325    -4.630    11.174    -6.017  508   -1  760  689
 326    20.091    27.426    15.692  284   -1  457  382
 327    19.592     8.531    -2.838   -1  563  803  742
 328   -51.722    45.311   -11.122   -1   68  129   88
 329   -13.674    -8.980     7.238  859   -1 1196 1143
 330   -18.792    -3.091     0.787  734   -1 1069  999
 331   -21.514     4.608     8.579  611   -1  915  847
 332   -14.848    26.157     8.994  297  302  488   -1
 333    37.818     3.545    11.074  657  619  898   -1
 334   -18.444    -8.640   -14.014  840  796   -1 1094
 335    38.723    16.651    10.520  453   -1  644  603
 336    14.194     3.686    19.044  647  609  931   -1
 337    49.741     4.156     5.923   -1  621  879  860
 338   -61.311   -25.627    16.495 1076   -1 1530 1429
 339    41.082    39.067    -1.418  133   -1  199  163
 340   -13.972    48.939    10.933   43   -1   83   48
 341   -21.643   -12.964    -4.070  911   -1 1249 1200
 342    30.852    34.820    13.411   -1  201  297  244
 343    15.828   -23.560    10.399 1082  949   -1 1405
 344   -62.083    24.681     7.570   -1  309  523  434
 345    38.635    22.903     1.372  349  357   -1  448
 346    38.291    13.811    10.249  487   -1  717  651
 347    -8.215    -9.006     9.543  860   -1 1207 1146
 348    37.076   -11.765     9.000  925  815 1210   -1
 349     3.843     9.988     3.962   -1  538  790  721
 350    21.817     8.466     8.010  568  557   -1  772
 351   -58.283    35.465    19.362   -1  163  324  256
 352    14.354    -2.758     1.810  744   -1 1047  995
 353   -61.645   -22.663     8.998 1040   -1 1450 1370
 354    25.125   -29.753    16.443   -1 1008 1553 1532
 355   -30.468   -21.829    14.346 1034   -1 1433 1376
 356   -34.829   -11.875     5.042   -1  817 1254 1201
 357   -55.834   -29.944     4.617 1148 1015   -1 1466
 358    21.603    -0.036    15.917  706  674   -1  979
 359    37.772    21.378     4.268  370   -1  557  494
 360   -51.965    12.450   -14.939   -1  488  741  647
 361     9.534     0.221    13.349  698   -1 1000  964
 362   -36.679   -26.083    11.559 1099   -1 1502 1432
 363    30.548   -28.027    -5.287 1160   -1 1457 1443
 364   -19.627    28.956     6.268  265   -1  423  352
 365   -35.441   -25.865   -11.790 1101  989 1440   -1
 366     3.953    17.241    11.761  427  425  658   -1
 367    21.904    -8.896    -2.085  868  794   -1 1135
 368    52.988    18.922    -6.068   -1  422  585  532
 369    23.613   -31.388    -3.422   -1 1061 1539 1500
 370   -27.025    -4.619     5.132  768   -1 1113 1025
 371   -24.762    22.941     7.941  331   -1  547  466
 372    18.507     0.210    17.383  701  671 1012   -1
 373   -12.674     3.446     9.354  633   -1  941  877
 374     2.047    -6.973    12.722  822  757 1162   -1
 375   -35.338    -4.064    13.853  746   -1 1123 1031
 376     3.200    -7.891   -13.129  835  787 1128   -1
 377    10.726    48.105     6.877   -1   61   94   55
 378   -16.144    -7.938   -11.429  832   -1 1141 1072
 379   -13.050     6.722   -15.200  574  585  820   -1
 380   -19.145    -9.780    10.453   -1  791 1226 1169
 381     6.570   -15.654     4.051  973   -1 1293 1270
 382    -2.670    -5.631     1.187  799  742   -1 1054
 383    -6.497    -5.968     1.691   -1  747 1124 1053
 384     7.566    -3.037   -16.080  741   -1 1014  975
 385    15.079    -9.055     4.123  869   -1 1174 1148
 386   -13.922    33.485     6.166  208   -1  339  278
 387   -23.587   -14.069    19.709  926  841   -1 1266
 388    -2.943     1.101    -9.497  678  666  947   -1
 389    -7.580    -7.216     0.559  824  763 1142   -1
 390    25.563    -7.934     4.803  852   -1 1147 1123
 391   -18.302    45.242    18.556   79   -1  136   96
 392    36.703    46.079     8.374   -1   91  117   72
 393    -7.039   -17.255    12.499   -1  890 1347 1306
 394   -42.444   -30.477   -13.953 1164   -1 1544 1449
 395    27.454   -21.645   -17.416 1066  955 1345   -1
 396   -39.445   -17.025    15.659  972   -1 1366 1302
 397    37.739    37.390    14.358   -1  171  257  208
 398   -55.784   -11.065   -10.039  872  823   -1 1138
 399    -1.334   -11.344    11.114   -1  813 1240 1205
 400   -26.944     1.452     2.394  661   -1  971  899
 401    10.232    -5.150    -0.301  798   -1 1092 1036
 402   -14.558     4.574    17.706  624  592  929   -1
 403     4.267    -0.350    11.996  704   -1 1026  971
 404    18.240    34.706     7.690  193   -1  296  248
 405   -61.803    32.900    11.085  206   -1  369  299
 406     9.141    37.763     1.343  151   -1  246  192
 407   -48.789    39.110    -0.240   -1  128  230  179
 408   -29.112     5.692     0.322  591   -1  876  808
 409   -30.998     2.446    11.276  643   -1  973  896
 410    10.450   -14.909    10.122  949  865   -1 1275
 411     7.552     8.239    -7.202   -1  566  801  747
 412    27.488    -3.350   -11.500   -1  733 1025  987
 413    -8.263   -30.672   -10.809 1183 1053 1518   -1
 414   -47.288    10.258    24.350  530  509  822   -1
 415    -3.135    -0.934   -13.411   -1  695  979  934
 416    43.076     9.053    14.501   -1  558  806  763
 417   -59.355   -10.514    12.474   -1  795 1259 1181
 418   -29.116   -26.797    -2.249   -1  992 1481 1421
 419     8.423     6.153    20.654  595   -1  886  832
 420     0.745    32.889    -6.674   -1  217  327  280
 421    40.483    -5.575    18.437   -1  740 1118 1104
 422   -60.831    46.975    10.852   -1   53  124   81
 423   -62.402     7.833     5.929  554  548   -1  771
 424   -50.580   -11.448    12.659  878  810   -1 1202
 425   -50.082    49.193     1.733   -1   42   78   44
 426   -13.808   -25.714    14.399 1103  974   -1 1423
 427     4.845   -20.910     1.898 1042   -1 1378 1343
 428   -29.422   -15.944     4.945  955   -1 1324 1267
 429   -23.161    17.063     9.175  420  419   -1  594
 430   -32.126    -0.601     6.949  695   -1 1039  965
 431    -2.551   -25.405   -17.781 1104  991 1415   -1
 432   -15.052   -18.995   -15.383 1002  922   -1 1289
 433   -49.752   -19.709    14.626   -1  907 1405 1339
 434    26.625   -25.047     4.488 1108   -1 1428 1417
 435    15.056     0.042    11.298   -1  672  996  967
 436     9.847    22.104     8.886  352   -1  555  492
 437    27.477    21.617    -8.407   -1  379  535  465
 438    -1.715    26.507    -7.418  283  308  455   -1
 439    40.817   -22.923   -16.197 1093   -1 1356 1354
 440    -7.584    -8.424    -0.128  849   -1 1172 1111
 441   -19.235    29.618     0.047  255   -1  401  340
 442    25.698     2.076    20.497  675   -1  958  936
 443   -27.126     3.334     0.378   -1  617  927  862
 444    -4.703   -19.711   -16.052 1017  929 1335   -1
 445   -49.736     1.710    12.561   -1  633 1005  915
 446   -48.938    -0.433     1.956  687   -1 1034  949
 447   -28.931    13.517    11.007   -1  471  753  659
 448    15.035    -7.843     7.941  846  768   -1 1129
 449   -48.641     8.645   -19.608   -1  553  797  719
 450     7.294    16.487    10.306  441  435  675   -1
 451   -45.521   -12.854    20.340   -1  826 1306 1237
 452    24.164    16.333    11.490  452   -1  672  612
 453     0.565     6.282     9.474  589  580   -1  814
 454    29.328    13.307   -11.770  485  499  694   -1
 455   -25.313    45.709    -8.994   -1   71  122   84
 456   -43.947   -30.192    -9.314 1151 1042   -1 1452
 457   -49.043    -5.394     5.204  780   -1 1143 1041
 458   -20.109    36.902     6.963  162  152   -1  219
 459    20.922    47.560    20.831   53   73   -1   61
 460    28.186    11.192    14.850  529   -1  776  720
 461    -4.959    -9.493    13.824   -1  785 1218 1173
 462   -50.221    23.017     1.835   -1  331  564  443
 463    43.389    23.920    -8.817  320   -1  484  429
 464    15.375    39.365     3.981  130   -1  209  168
 465   -34.273    34.722   -10.327  167  181   -1  240
 466   -22.921    -7.102   -16.113  820   -1 1116 1040
 467   -59.717    -5.496     8.369   -1  729 1163 1050
 468   -15.447    38.938    15.670  137   -1  245  187
 469    -6.690    11.414     7.385   -1  505  773  709
 470    21.918     9.378     5.596  555   -1  791  744
 471   -31.269    42.511     4.504   96   -1  176  132
 472   -60.948    38.435     8.472   -1  132  265  199
 473   -49.599   -16.514     0.725   -1  881 1331 1272
 474    10.190     7.873     6.973  571   -1  821  781
 475    19.413   -23.827     9.439 1087   -1 1420 1403
 476   -11.192   -25.986    -1.963 1113   -1 1448 1412
 477   -56.514   -27.792     7.917 1111   -1 1554 1444
 478    38.896    47.765   -16.545   41   75   77   -1
 479   -46.110    32.385     6.418  217  206   -1  298
 480    -5.669   -19.352     3.623 1012   -1 1360 1321
 481    -5.655    42.113   -17.218   88  106   -1  122
 482   -17.589    17.005    -5.728  416  429   -1  566
 483     1.250   -18.804   -18.513 1007  926 1311   -1
 484   -57.614     1.687    -1.835   -1  641  980  891
 485   -48.048     2.560   -10.637   -1  640  937  852
 486    18.222    -2.952    -1.621  750  710 1040   -1
 487   -48.231    -2.758     4.668  724   -1 1084  990
 488    15.675    -9.030    17.388   -1  782 1206 1176
 489    36.296   -22.879    -7.117 1090   -1 1373 1362
 490    -7.125     2.359    18.684  651   -1  981  919
 491   -21.383    39.266    19.068  135   -1  243  186
 492    39.074    31.582    15.954   -1  252  360  312
 493    11.179    22.517    -4.957  333   -1  522  454
 494   -62.719    19.248    12.276  385  377   -1  554
 495     7.618   -21.916   -13.418 1055  957 1372   -1
 496     9.289   -14.208    -9.684  943  868   -1 1227
 497   -27.054     9.250    -6.635  541  541  796   -1
 498   -19.193    35.713    17.536  184   -1  299  245
 499    19.838    -3.907     1.927   -1  724 1071 1017
 500   -17.277   -29.094    17.837 1134   -1 1591 1498
 501   -51.304   -26.193   -11.230   -1  993 1463 1393
 502    36.070   -33.584   -16.620   -1 1105 1534 1531
 503    38.969    34.825    -8.288   -1  203  282  228
 504   -20.360    18.414    -8.302  392  411   -1  543
 505   -16.984     0.129   -13.674  686   -1  953  905
 506    13.342   -28.110    15.052   -1 1004 1515 1479
 507     5.967   -17.229     7.858  989   -1 1327 1303
 508    33.720    17.370    10.098  436  431  636   -1
 509   -20.703   -18.564    -9.175   -1  911 1333 1285
 510   -26.769    12.155     6.034   -1  492  767  684
 511   -34.907    -4.019    22.141  755  705   -1 1048
 512   -46.279   -12.614    10.236  895  829 1281   -1
 513    24.976    20.129     8.605  389  393  590   -1
 514     2.771    16.433    -1.856  433  439   -1  591
 515    20.424     1.254    16.835  690   -1  976  940
 516   -39.997   -26.379     6.887   -1  996 1498 1422
 517   -49.928   -24.774    22.363   -1  954 1522 1426
 518   -27.869    -9.577    10.970  858  789 1225   -1
 519    46.325    31.841    13.817  245   -1  357  304
 520    16.350   -12.012    -8.711  909  835   -1 1190
 521   -18.395   -13.952    -2.843  927   -1 1263 1224
 522    -9.418    -4.245    -8.548   -1  730 1070 1005
 523   -24.516     3.698     5.152   -1  611  935  853
 524    27.046    19.810   -10.036   -1  418  559  505
 525   -38.933     3.084    -2.380  636   -1  928  855
