701
   1    0     10.387     13.396      9.501 4
   0    1     22.335     41.058      8.714 4
   3    3     24.206     36.015      9.945 4
   4    8    -26.231     45.108     12.563 4
   6    5     22.235     31.173      6.774 4
  -1   -2     38.479     23.036     17.065 4
   2    4    -21.867     35.410     10.901 4
   5    2    -25.975      1.122     12.917 4
   7    6     38.913     50.369      6.976 4
   8   17      1.605     -6.657      6.809 4
  -1   -2      8.748     28.981     12.416 4
  15   14      9.683    -14.567     10.696 4
   9    9     13.861     15.921      4.280 4
  19   37    -16.054     26.505      7.889 4
  -1   -2     15.112    -31.374     12.787 4
  18   13    -11.273      1.833      3.908 4
  23   16      5.953      9.942     11.109 4
  20   19    -23.068     48.863      0.331 4
  12   15     38.255     11.271     -0.687 4
  -1   -2    -17.198     18.958     11.386 4
  27   26     16.478    -12.881      4.854 4
  -1   -2     -6.966    -28.803    -18.621 4
  -1   -2    -17.676     47.952     13.428 4
  29   21    -33.322     -9.912     10.700 4
  24   32      7.877     33.259     10.605 4
  -1   10     -4.575     34.018      0.578 4
  -1   -2    -10.298     36.861      3.739 4
  -1   -2    -48.246     34.063      8.285 4
  -1   -2     -5.041     37.141      4.730 4
  -1   -2    -49.023     16.578     11.204 4
  -1   -2    -17.026     44.117     23.092 4
  -1   -2      3.059    -27.117     10.097 4
  -1   27     27.779    -30.707      5.812 4
  -1   -2     11.964     49.712     -4.361 4
  -1   -2    -35.635     29.631      7.276 4
  58  115     19.349     21.976      7.602 4
  -1   -2    -48.329     40.341     14.362 4
  28   34      6.458     13.097     11.368 4
  35   33    -16.759    -20.400      6.999 4
  -1   -2     28.060     39.881     10.480 4
  -1   24    -24.778      1.347     16.997 4
  39   46      1.150     22.337     10.181 4
  -1   -2    -11.617     -9.512      6.182 4
  -1   50    -21.015    -16.216      9.165 4
  -1   -2    -18.732     44.597     15.221 4
  42   63      2.323      3.020     11.267 4
  34   30    -11.774     19.231      4.091 4
  -1   -2    -45.821     15.477     18.469 4
  -1   -2     -1.527    -30.794    -11.936 4
  43   54     17.928    -20.366      8.287 4
  38   57     19.664      8.662      9.202 4
  -1   -2    -47.797    -30.311     -1.240 4
  62   31    -27.716     15.574      4.404 4
 114  137     13.847      4.103      7.419 4
  -1   72    -13.452     49.986     -1.926 4
  66   38    -26.975     17.452      5.412 4
  -1   -2     11.770    -29.308    -12.621 4
  -1   -2    -12.926    -11.290      9.505 4
  -1   -2      8.611     43.580      8.828 4
  -1   -2     22.475    -30.906      2.352 4
  56   69     13.114      1.081      7.106 4
  50   51    -13.584      6.774      8.231 4
  65   52     -5.916     -6.765     11.412 4
  -1   -2     21.550     50.848      9.315 4
  41  124     -6.921     39.783      1.840 4
  82  107    -14.099     39.251     -6.185 4
 157   86     -9.321    -20.839     10.378 4
  -1   -2     19.674    -19.386     14.054 4
  -1   -2    -14.627    -29.933     12.683 4
  -1   -2    -47.475      7.743     -7.845 4
 137  101     -7.978      3.380      4.982 4
  -1   -2     23.662     23.726      7.324 4
  -1   -2     39.140    -31.932      8.243 4
  -1   -2    -44.897    -30.903      3.587 4
  -1  226    -23.780    -22.030     12.501 4
  -1   -2     24.847     36.916      0.446 4
  94  164    -11.911     20.292      6.341 4
 101   70     -5.925     -9.274      6.826 4
  49  122     13.351     22.045      6.789 4
  40   45    -33.970     51.736      7.064 4
  -1   -2      6.513    -29.033    -20.434 4
  -1   -2    -10.114    -31.041      2.527 4
 188  100     -4.442     -5.679     12.139 4
  -1   -2     39.488      3.962     13.494 4
  -1   -2    -17.574    -29.932     13.995 4
  81  120    -15.779     -0.709     10.827 4
  -1   -2    -24.819     40.019      8.253 4
  -1   -2     16.817      3.473      6.616 4
 112   83    -21.434    -20.616     11.949 4
 422   60     -4.091      2.806      9.393 4
  -1   -2     41.911     28.069      5.678 4
  -1   68    -29.289     31.758     11.445 4
  -1   -2     39.429     -8.200     11.834 4
  -1   -2    -12.923    -30.793      4.832 4
 132  119     18.242    -17.258      8.241 4
  -1   -2      0.719    -31.049    -12.892 4
  -1   -2      5.426    -24.262      2.002 4
 102   84    -49.548     30.494     -4.996 4
 223   43     18.374    -31.134     12.901 4
  -1   65     13.446    -10.298      9.911 4
  -1   -2     39.248     38.293      6.170 4
 164  155    -60.616     33.761     13.228 4
 166   62    -29.081    -11.878     12.105 4
  91  177     10.811     -3.520      6.773 4
  -1   -2    -36.623     22.891     11.306 4
  -1   -2     18.616    -26.253     -6.038 4
 100  105     -6.500      2.422     17.225 4
  -1   -2      3.465     42.814      6.806 4
 113   87    -10.526     10.390      6.492 4
  -1   -2    -30.489     28.569      7.161 4
  -1   -2     -7.346     27.126      7.178 4
 127   78      4.665    -16.427      7.461 4
  -1   -2     36.497     34.893    -11.976 4
 117  125     -4.664    -16.656      8.860 4
  -1   -2     40.565      1.247    -15.029 4
  -1   -2     13.816     41.748     12.230 4
  75   88     13.752     18.723      8.050 4
 233  133     20.594     -4.616      8.710 4
 143   97     12.959     12.619     11.868 4
 122  109    -60.557     30.201      5.216 4
  -1  131    -28.898    -17.426     10.573 4
  -1   -2      8.925     -4.401     11.736 4
  -1  104     11.311     20.417     10.162 4
  -1   -2    -38.164    -23.075     11.282 4
  -1   -2      5.026     -0.964     11.763 4
 156  121     23.156      6.586      7.555 4
  -1   -2    -29.282    -14.441      5.809 4
  79  138     21.356    -12.766     10.221 4
  -1   -2     14.480    -30.711    -19.525 4
  -1   -2     21.651     -9.665      7.040 4
 121   58      7.540     21.956      8.935 4
 189   91     10.680     -8.923      9.208 4
  -1   80     47.383     39.560     13.279 4
  -1   -2     -4.588     13.329      8.603 4
  -1   -2    -20.562     -9.391     10.129 4
  -1   -2    -49.682    -20.899     10.242 4
  -1   -2     22.269    -22.170      6.647 4
  -1   -2    -60.451      5.490      7.577 4
  -1   -2    -30.835     -5.534     10.079 4
 142  493     10.213     -4.377      9.732 4
 212  232     25.229    -26.382      9.674 4
  -1   -2     25.996     21.088      7.139 4
 108  257     14.228     -8.967      9.064 4
  -1   -2     25.987    -12.860      8.813 4
  -1   -2      3.059     23.366     10.099 4
 116  128     26.277      1.234     18.501 4
  -1   -2     39.141     -5.970      8.102 4
  -1   -2     -3.672     22.551     11.017 4
  -1   -2    -56.552     16.936      3.918 4
 111   53     -7.453    -15.239     10.446 4
  -1   -2    -20.476     31.432      0.838 4
  -1   -2    -29.178     33.540     -0.223 4
  -1  114      1.930     32.601     -5.166 4
  -1   -2    -28.430     -8.685      3.664 4
  -1   -2      9.093     51.824     14.428 4
  -1   -2    -12.634     26.164     14.364 4
  -1   -2    -62.046     24.578      9.120 4
  -1   -2    -60.924     42.916     13.573 4
  -1   -2      3.106     42.224     15.010 4
  96   94     11.970      8.979      6.954 4
  -1  123     -8.515     -8.424      8.471 4
  -1   71      8.366     34.916      8.299 4
  -1  183    -10.722     11.234     11.289 4
  -1   -2      7.824    -30.390    -14.187 4
  -1   -2     10.948    -28.596    -23.089 4
 115  117    -15.726     21.201      8.329 4
  99  216     -3.192    -20.930      6.446 4
  -1   -2      8.636    -11.826    -19.820 4
  -1   -2    -19.579     36.766    -11.376 4
  -1   -2    -48.960      5.854      4.697 4
  -1  113    -17.244    -14.231     11.114 4
  -1   -2    -53.114    -11.409    -15.381 4
  -1   -2    -11.150    -28.036     25.134 4
  -1   -2     22.390     15.932     14.319 4
  -1   -2    -47.876      1.034     10.725 4
  -1   -2     -7.646    -13.894      8.540 4
 134  261    -18.420     -5.259      9.345 4
 167  166    -15.414     16.963      8.311 4
  -1  167     -8.695      2.609     12.096 4
  -1   -2    -21.577     42.917     13.308 4
  -1   -2     -5.715    -26.370      2.689 4
 168  248    -12.184      3.881      8.456 4
  -1   -2     -2.233    -10.980      8.590 4
  -1   -2    -61.964      3.205     10.477 4
  -1   -2    -41.204    -28.697      8.986 4
  -1   -2     14.612     40.579     20.422 4
  -1   -2      7.110    -22.803     10.099 4
  -1   -2    -12.535    -16.533     -2.011 4
 172  127     22.157      9.726     14.067 4
  -1   -2    -16.568     -9.321      2.382 4
  -1   -2     15.712      0.629      8.898 4
  -1   -2      0.760      0.601      7.063 4
  -1   -2     24.009     14.503      7.813 4
  -1   -2    -49.597    -11.876     -0.096 4
 139  173    -48.704      9.369     -2.151 4
  -1   -2    -19.995     39.684     -6.247 4
  -1   -2     26.164     18.477      8.739 4
  -1   -2      7.568    -28.780     -9.838 4
  -1   -2    -17.575     -3.019      7.937 4
  -1   -2     17.967     37.683    -12.033 4
  -1   -2      2.363     26.907      9.715 4
  -1   -2     -7.988     -9.848      5.986 4
  -1   -2      4.058     18.092      8.608 4
  -1   -2     33.491    -30.808      7.799 4
 175  220     -0.788      0.804     10.046 4
 289  217    -29.688    -22.148      6.317 4
  -1   -2    -11.385     31.691      5.784 4
  -1   -2    -18.196     -2.299      8.819 4
  -1   -2      9.195    -24.190      6.872 4
  -1   -2     45.199     12.692      9.856 4
  -1   -2      7.597    -27.309      9.120 4
 217  191    -24.752      9.398     12.386 4
  -1   -2     -2.277    -26.481     -0.560 4
  -1  219    -30.331      0.883      2.815 4
  -1   -2    -47.709     -7.700    -19.814 4
  -1   -2      2.249     48.747     15.753 4
 211  194      5.087     -5.359     11.608 4
  -1  203     10.760     -0.586      9.406 4
  -1  196    -59.558    -12.389     11.457 4
 152  207     14.524     -3.133      3.885 4
  -1   -2      0.950      3.737      8.940 4
  -1   -2      7.913     15.852      7.237 4
  -1   -2     23.964      5.818      9.645 4
  -1   74     -7.439    -19.942      9.719 4
  -1   -2     21.292     -6.094     11.208 4
 182  134    -22.369     -3.895     11.807 4
  -1   -2      8.773     37.643     -6.493 4
  -1   -2     29.455     36.141     -9.245 4
  -1   -2    -33.195      4.478     10.772 4
  -1   -2    -37.663    -12.188      3.753 4
 203  231    -61.667    -15.636     14.657 4
  -1   -2    -20.543      4.785     12.204 4
  -1   -2    -24.799     24.156    -18.434 4
  -1   -2     36.878     26.012      5.368 4
  -1   -2    -32.982      1.149     11.277 4
  -1   -2    -14.763     -3.845      4.539 4
  -1   -2     39.423     17.651     11.686 4
  -1   -2    -20.503     40.651     12.808 4
  -1   -2     38.626      7.131     14.900 4
  -1   -2     18.914     -6.087      6.622 4
  -1   -2     23.982     19.323      7.142 4
  -1   -2     -2.074     19.860      7.650 4
  -1   -2     -2.764     -1.020     -9.440 4
  -1   -2     36.489     28.250      9.999 4
  -1   -2     10.069     22.433     10.264 4
  -1   -2    -58.947     24.107      7.848 4
  -1   -2    -55.493     17.252    -14.507 4
  -1   -2     36.412      2.096      6.331 4
  -1   -2     19.672     -0.669     11.347 4
  -1   -2    -56.324     -0.224    -10.562 4
 218  227     -5.491     18.536      9.823 4
 264  136    -16.860    -17.384     11.360 4
  -1  239    -34.314    -28.741     12.392 4
  -1   -2     21.106     17.779     12.388 4
  -1   -2     26.023     -3.116      7.636 4
  -1   -2      9.448     47.292      2.668 4
 210  222      4.550     17.610      9.226 4
  -1   -2    -56.218     36.724    -12.204 4
  -1   -2    -50.918    -29.051    -12.114 4
  -1   -2      6.335     -5.412     11.080 4
  -1   -2    -23.412    -10.970      7.521 4
  -1   -2     13.877      2.916      6.882 4
  -1   -2     28.327    -15.845     -3.413 4
  -1  254    -53.524    -22.763    -21.380 4
  -1   -2     49.763     36.217      1.195 4
  -1   -2     27.357    -19.845    -19.776 4
  -1   -2     31.892     33.415      9.689 4
 185  218    -26.636     30.504     11.033 4
  -1   -2    -29.811     50.160     -4.406 4
  -1   -2    -49.754    -22.529      9.651 4
  -1   -2    -16.832    -26.232      3.355 4
  -1   -2     27.833    -32.368      6.549 4
  -1   -2    -52.168    -28.324    -16.061 4
  -1   -2    -45.750     27.549     15.175 4
  -1   -2    -49.635      3.761     -2.789 4
  -1   -2     39.394     -4.165     11.677 4
  -1   -2     27.621     -9.306     10.380 4
  -1   -2    -45.486      1.101     22.393 4
  -1   -2    -24.140      4.874     11.252 4
  -1   -2     11.977     -4.629      8.231 4
  -1   -2     36.262    -26.066     -1.641 4
  -1   -2    -20.230    -27.575     12.337 4
  -1   -2    -54.778     49.075    -17.921 4
  -1   -2      6.267     35.954     12.756 4
  -1   -2     17.916     51.377     15.401 4
 151  225    -11.376      8.785      9.154 4
  -1   -2     17.219    -30.420     15.739 4
  -1   -2    -30.441    -15.252      8.604 4
  -1  242    -22.692     -2.284    -22.449 4
  -1   -2     26.429     -4.025    -18.305 4
  -1   -2     30.353    -30.075      7.138 4
  -1   -2     38.740     32.793      7.424 4
  -1   -2      0.670    -23.786     10.002 4
  -1   -2    -23.432     11.663     17.368 4
  -1   -2    -39.119    -16.855     -0.277 4
  -1   -2     49.400     23.149     -3.259 4
  -1   -2     -2.737     24.755     18.070 4
  -1   -2    -16.565    -24.029    -10.952 4
  -1   -2     -8.631     22.746      1.376 4
  -1   -2     40.351    -16.609    -17.055 4
  -1   -2    -15.508     13.559    -20.339 4
  -1   -2      9.126      3.031      5.908 4
  -1   -2     16.439     -7.877     11.529 4
  -1   -2    -61.031      2.775    -14.064 4
  -1   -2      8.061     39.503     10.803 4
  -1   -2    -33.468     49.645    -12.211 4
  -1   -2     16.403     28.626     18.674 4
  -1   -2    -16.301      3.420      0.912 4
  -1   -2     -4.026     11.967    -20.678 4
  -1   -2    -18.965     30.430     10.495 4
  -1   -2    -39.439    -25.544     12.628 4
  -1   -2      3.166    -17.594     11.093 4
  -1   -2    -36.846    -27.075      1.777 4
  -1   -2    -57.676     -7.974     -5.973 4
  -1   -2    -49.621     -6.911      2.388 4
  -1   -2    -48.947     43.548     10.679 4
  -1   -2      0.272     -4.857     10.221 4
 287  303     33.929    -33.195     -0.647 4
  -1   -2      1.531     -5.082      7.079 4
  -1   -2     -1.720     -4.696     15.497 4
  -1   -2     51.741      5.090      7.339 4
  -1   -2     -4.149    -14.070     11.277 4
  -1   -2     50.644     30.753     -3.145 4
  -1   -2     43.157     12.801      9.052 4
  -1   -2     22.962    -14.740     16.427 4
  -1   -2    -61.738    -14.017      6.426 4
  -1   -2     10.918    -29.397      6.256 4
  -1   -2     15.507     34.956     22.725 4
  -1   -2     38.990     -0.422      8.123 4
  -1   -2    -39.031     34.583     13.106 4
  -1   -2    -58.714     35.393     18.229 4
  -1   -2     30.248     29.663     -4.670 4
  -1   -2     38.303     19.869      4.290 4
  -1   -2    -28.909      7.038    -14.903 4
  -1   -2      3.694     16.823    -14.357 4
  -1   -2    -18.028     29.892     10.343 4
  -1   -2    -53.291     50.825    -19.151 4
  -1   -2     46.092     29.685    -19.157 4
  -1   -2    -61.609     39.402     11.225 4
  -1   -2     16.436     30.810     -2.443 4
  -1   -2     17.002     25.740     11.290 4
  -1   -2    -34.365    -13.071     16.607 4
  -1   -2    -11.671     48.073     17.264 4
  -1   -2     -7.413     36.080     21.053 4
  -1   -2    -10.460     25.996     12.008 4
  -1   -2    -59.065     12.964    -13.106 4
  -1   -2      4.149      7.502      1.513 4
  -1   -2    -58.560     35.178     -3.769 4
  -1   -2    -21.293      0.436     20.898 4
  -1   -2    -29.344     42.389      3.494 4
  -1   -2     27.521     46.048    -10.172 4
  -1  334    -48.603     -3.169      1.501 4
  -1   -2    -16.653     13.599     19.585 4
  -1   -2    -22.493     10.298      6.588 4
  -1   -2     -9.971     15.819      6.612 4
  -1   -2    -27.618    -21.693      9.019 4
  -1   -2    -58.896    -26.544    -13.456 4
  -1   -2     11.578     29.837     -2.196 4
  -1   -2      7.703     25.752      0.744 4
  -1   -2     42.163     47.921      6.174 4
  -1   -2     50.282     13.336     -0.171 4
  -1   -2    -26.179      4.674     -4.234 4
  -1   -2    -45.807    -21.962      8.602 4
  -1   -2    -14.543     14.109     22.585 4
  -1   -2     22.722     -2.787      2.461 4
  -1   -2     51.680    -23.619      9.360 4
  -1   -2      2.524     31.846      6.541 4
  -1   -2    -56.604      7.571    -18.027 4
  -1   -2     11.970      7.527     17.384 4
  -1   -2     -1.565      9.158    -16.263 4
  -1   -2     -1.581     30.731     15.348 4
  -1   -2     -8.169     -6.148      9.916 4
  -1   -2     25.574      8.869     16.586 4
  -1   -2     -9.346     13.531    -15.236 4
  -1   -2     -6.153     -4.339     12.949 4
  -1   -2    -62.931    -10.721     19.286 4
  -1   -2    -33.629     46.722    -18.721 4
  -1   -2    -33.598     36.148    -22.030 4
  -1   -2     -5.362      0.763      3.038 4
  -1  256    -60.229     46.970     -6.068 4
  -1   -2     49.721     20.136     -0.370 4
  -1   -2     23.947     11.330     -9.989 4
  -1   -2     48.757    -14.125      8.827 4
  -1   -2    -24.075     12.355     -2.026 4
  -1   -2    -60.907     37.044     -3.497 4
  -1   -2    -44.582     47.774      0.733 4
  -1   -2    -42.731     51.594    -17.912 4
  -1   -2     -4.125     31.093     -6.467 4
  -1   -2     50.249    -18.950      4.650 4
  -1   -2      9.009     44.197     -6.778 4
  -1   -2    -16.594     11.918    -11.123 4
  -1   -2    -31.832    -24.477      4.948 4
  -1   -2     -1.777     44.793      6.332 4
  -1   -2    -56.694    -18.970     -1.232 4
  -1   -2     26.304     13.012     24.094 4
  -1   -2    -24.944     21.516     -6.001 4
  -1   -2     21.430     46.097      3.110 4
  -1   -2    -37.378     16.063     -4.674 4
  -1   -2    -38.939     12.809      9.704 4
  -1   -2     37.371     50.333      7.900 4
 398   44      7.504     13.509     -0.084 4
  -1   -2    -49.526     17.865     11.477 4
  -1   -2    -45.153     54.346      3.874 4
  -1  390     56.828     38.888      9.468 4
  -1   -2     37.644     10.964     16.804 4
  -1   -2     37.509     49.544      6.541 4
  -1   -2     19.461    -31.522     15.746 4
  -1   -2     17.628    -31.961      6.028 4
  -1   -2     24.800    -31.950      5.044 4
 401  389    -49.421     21.984      1.400 4
 397  404     40.021     53.878    -12.751 4
  -1   -2    -49.276     25.627      3.904 4
  -1   -2     21.338     53.246      9.063 4
  -1   -2     28.764     47.813     -7.459 4
  -1  431     50.753     44.842      2.544 4
  -1   -2    -42.572     49.168    -15.313 4
  -1   -2    -35.042     41.108      6.899 4
  -1   -2     39.860     28.168     11.618 4
  -1   -2     36.339     22.110      4.743 4
  -1   -2    -52.017     20.507    -22.267 4
  -1   -2    -30.505     -5.321      5.728 4
  -1   -2    -48.981     26.473     -4.662 4
  -1   -2     34.723    -12.391     19.483 4
  -1   -2     24.086    -30.804      3.192 4
  -1  396     51.053     41.649    -12.557 4
  -1   -2     36.640     18.415      9.386 4
  -1   -2    -49.068     20.996      2.750 4
  -1   -2    -49.476     28.121      9.982 4
  -1  415    -48.070     24.549      6.628 4
  -1   -2     33.972     -4.885     15.613 4
 407  453     48.748     43.067      6.803 4
  -1  407    -49.228    -10.976     10.239 4
  -1   -2      7.146     34.043     21.862 4
  -1   -2    -32.169     48.233     11.350 4
  -1   -2     22.720    -32.074      3.575 4
  -1   -2     20.879    -31.787      7.039 4
  -1   -2     36.126     11.355      2.377 4
  -1   -2     16.681    -32.096     12.611 4
  -1   -2     29.450      5.705      4.097 4
  -1   -2     36.927    -21.398     -2.297 4
  -1   -2     40.934     11.436    -16.401 4
  -1   -2      9.802    -30.515    -17.066 4
 425  450    -59.103     -5.547      9.334 4
  -1   -2    -39.244    -24.139     -3.223 4
  -1   -2     50.610      7.239      7.647 4
  -1   -2     54.049     49.628     16.059 4
  -1   -2     21.244    -31.802     -2.664 4
 465  474    -22.516     20.217     24.570 4
 419  409    -59.944     -5.465     11.100 4
 432  443    -63.354      7.261     -1.521 4
  -1   -2    -63.584     34.631      3.826 4
  -1   -2    -41.045     11.036     17.999 4
  -1   -2    -50.053     33.216      0.746 4
  -1   -2    -48.474     15.016     14.574 4
  -1   -2    -52.930      7.012      1.093 4
 437  441     53.688     38.321      9.337 4
  -1   -2    -62.730     19.017     10.732 4
  -1   -2     29.781     23.487      0.351 4
  -1   -2    -51.730     27.214    -12.478 4
  -1   -2    -36.265     38.511      3.681 4
 228  181     10.882      7.508      7.944 4
  -1   -2    -50.055     13.034      2.825 4
  -1   -2    -48.337     44.599      2.052 4
  -1   -2     53.426     18.917      1.042 4
  -1   -2    -40.994     44.307     11.152 4
  -1   -2    -53.004     26.287    -21.086 4
  -1   -2    -43.297     20.531     -7.622 4
  -1   -2     -6.608    -31.631    -21.452 4
 476  537     56.994     11.537     13.099 4
  -1   -2      3.439     49.922    -23.732 4
  -1   -2     24.504     28.357     14.883 4
  -1   -2     16.701    -32.201     -0.764 4
  -1  477    -49.552    -14.756      3.546 4
  -1   -2     37.937    -20.934      7.022 4
  -1   -2     29.778    -14.005    -13.559 4
  -1   -2      1.437    -30.183    -10.176 4
  -1   -2     47.243     27.225      6.365 4
  -1   -2    -28.107     -3.404      9.666 4
  -1   -2     39.476     51.284     -9.793 4
  -1   -2     19.864     41.427     13.848 4
  -1   -2     19.553     23.670     12.885 4
  -1   -2     26.986      6.435    -15.161 4
  -1   -2     19.830    -31.281      5.485 4
  -1   -2    -28.505     12.991      9.235 4
  -1   -2     31.196    -10.601    -17.842 4
  -1   -2    -48.572     17.304     13.913 4
  -1   -2     18.851     40.898     19.767 4
  -1   -2    -43.155     17.723    -23.700 4
  -1   -2    -19.951     10.828     19.095 4
  -1   -2     30.571    -27.901     -9.243 4
  -1   -2     22.721     30.721     -1.816 4
  -1   -2    -49.188     22.710      3.825 4
  -1   -2     37.251      5.062      8.332 4
  -1   -2     40.549    -10.887    -22.103 4
  -1   -2    -55.602      3.011      8.235 4
  -1   -2    -65.439     32.588     -0.606 4
  -1   -2    -50.117     40.452      0.152 4
  -1   -2     19.095     30.977     15.411 4
  -1   -2     55.888     50.903     14.262 4
  -1   -2     55.178     -5.491      6.367 4
  -1   -2     11.796     46.173     26.444 4
  -1   -2     35.786    -33.831    -18.147 4
  -1   -2    -49.144      9.858      9.645 4
  -1   -2     12.994    -13.962      3.239 4
  -1   -2     21.446    -17.676      8.309 4
  -1   -2    -55.196    -29.916     -1.905 4
  -1   -2     49.361      7.109      4.561 4
  -1   -2    -49.670    -16.375     -0.052 4
  -1   -2     22.426     14.660      6.830 4
  -1   -2    -50.193     39.005     -1.095 4
  -1   -2     46.955     42.055     -7.424 4
  -1   -2    -16.861     23.953    -27.182 4
  -1   -2    -37.043     36.605    -16.560 4
  -1   -2     34.128     -1.299     -0.293 4
  -1   -2    -56.435      9.174     20.048 4
  -1   -2      1.068     -6.874      5.048 4
 534  487     51.121      2.618     12.753 4
  -1   -2    -34.462     25.560    -11.025 4
  -1   -2     21.361     22.063      9.373 4
  -1  634    -14.164     -2.191     19.828 4
  -1  483     55.538     14.061      9.345 4
  -1   -2    -58.199      6.721     -3.495 4
  -1   -2    -49.799     30.536      1.586 4
  -1   -2    -38.606      4.822     -0.897 4
  -1   -2    -52.253    -34.394    -16.026 4
  -1   -2    -16.887    -16.460     -2.268 4
  -1   -2     25.886     23.805     10.190 4
  -1   -2    -57.196    -20.708    -25.671 4
  -1   -2    -48.830     10.492     -3.964 4
  -1   -2     12.444     27.425     -8.669 4
  -1   -2     12.796     -0.590     18.115 4
  -1   -2     15.879    -26.912      5.166 4
  -1   -2     29.080    -33.390     -7.331 4
  -1   -2    -13.237     25.932      8.046 4
  -1   -2     55.842     20.972     14.317 4
  -1   -2     22.669     15.822     23.998 4
  -1   -2    -54.118     43.010      1.432 4
  -1  560    -61.899    -23.104      5.092 4
  -1   -2     -9.040     34.735     -4.656 4
  -1   -2     38.866     26.214     18.492 4
  -1   -2     14.470     13.712     12.881 4
  -1   -2    -13.102     -9.107     -1.554 4
  -1   -2     -1.782      5.873      9.213 4
  -1   -2      8.029     30.935    -10.521 4
  -1   -2      2.919      8.618    -13.162 4
  -1   -2      7.684    -29.878     -6.096 4
  -1   -2     38.213     30.091     -1.851 4
  -1   -2    -13.038    -16.317      8.343 4
  -1   -2    -16.230     -9.468      8.978 4
  -1   -2    -45.454    -14.996     14.047 4
  -1   -2    -47.744    -17.094     -0.790 4
  -1   -2    -10.292     27.376      8.850 4
  -1   -2    -41.221    -31.505     19.678 4
  -1   -2    -58.344     -1.373    -12.125 4
  -1   -2     15.646     53.819     14.918 4
  -1   -2    -52.643     -6.687    -13.134 4
  -1   -2      8.044    -19.246     12.502 4
  11  576     14.531    -32.022     12.201 4
  -1   -2    -49.393      0.135     19.251 4
  -1   -2    -23.132    -13.971     22.038 4
  -1   -2     40.257     15.635     -7.206 4
  -1   -2    -24.179     22.740     -0.288 4
  -1   -2    -59.831      2.506    -13.377 4
  -1   -2     27.298     42.298    -24.398 4
  -1   -2     13.319     25.417    -25.244 4
  -1   -2     -9.899     37.191    -20.056 4
  -1   -2     25.813    -30.465      3.809 4
  -1   -2     10.953      9.016     14.886 4
  -1   -2     -6.962     -7.015      6.816 4
  -1   -2     30.758     -8.106      7.513 4
  -1  511    -61.014     30.246     15.905 4
  -1   -2    -49.427    -31.552    -18.472 4
  -1   -2     16.174     -8.965    -12.303 4
  -1   -2    -49.798     19.889      2.269 4
  -1   -2    -23.120    -17.924    -17.387 4
  -1   -2     38.638     42.604      3.054 4
  -1   -2    -42.348     -7.003    -11.456 4
  -1  631    -28.775    -28.169      1.868 4
  -1   -2    -46.765     37.608      9.328 4
  -1   -2     50.819     -8.888     -5.761 4
  -1   -2     29.017     34.098     19.443 4
  -1   -2    -27.872      1.479     -0.533 4
  -1   -2    -49.629    -24.360     20.708 4
  -1   -2    -28.484     19.199    -24.402 4
  -1   -2     20.922     34.525     17.344 4
  -1   -2     36.280    -18.116     -2.470 4
  -1   -2      9.069     41.087    -24.648 4
  -1   -2     28.937    -20.167     -8.432 4
  -1   -2    -50.616     31.069     -9.472 4
  -1   -2     24.707     21.121     12.347 4
  -1   -2     38.782     48.336      4.175 4
  -1   -2    -32.651    -22.016     21.059 4
  -1   -2     -9.175     -2.119    -20.302 4
  -1   -2    -48.936    -24.553      2.349 4
  -1   -2    -58.290     37.426     16.911 4
  -1   -2     54.797     -7.643      6.705 4
  -1   -2     40.765     -0.480     24.259 4
  -1   -2    -48.904     -4.486      2.949 4
  -1   -2    -20.044    -13.149      6.046 4
  -1   -2     28.921     53.519     -0.023 4
  -1   -2     14.969     -3.117    -21.653 4
  -1   -2     34.927     51.172    -19.306 4
  -1   -2     -7.245     36.354      4.936 4
  -1   -2      5.581     34.191     19.806 4
  -1   -2     37.101     36.993     17.715 4
  -1   -2    -50.178     23.848      1.131 4
  -1   -2    -59.661    -16.735      6.044 4
  -1   -2    -57.331     29.078     12.522 4
  -1   -2    -23.345     33.065     25.231 4
  -1   -2    -53.826    -12.369      3.293 4
  -1   -2     23.690    -14.945    -10.704 4
  -1   -2    -22.068     -4.375     -0.877 4
  -1   -2    -21.398    -23.445      0.042 4
  -1   -2    -55.670     16.309     12.620 4
  -1   -2    -13.761     43.627    -17.445 4
  -1   -2     24.668     19.789    -21.306 4
  -1   -2     49.258     28.976     -9.423 4
  -1   -2    -52.984    -19.960     15.719 4
  -1   -2    -43.715    -19.336    -24.438 4
  -1   -2    -12.658     46.522    -62.569 4
  -1   -2    -13.467     21.201     13.263 4
  -1   -2     37.459    -24.964     19.864 4
  -1   -2    -44.775      3.709     10.313 4
  -1   -2     38.555     -4.802     15.271 4
  -1   -2    -53.934    -22.627     13.780 4
  -1   -2     -6.142    -32.223      6.997 4
  -1   -2     -5.002    -31.674     10.487 4
  -1   -2    -23.725    -26.527     -4.592 4
  -1   -2    -50.243    -17.809     -2.630 4
  -1   -2      1.362    -12.733    -18.061 4
  -1   -2     -8.191      3.589    -18.737 4
  -1   -2    -31.291    -13.371     19.794 4
  -1  322     50.045      4.837      4.728 4
  -1   -2    -23.682     13.879    -16.630 4
  -1   -2    -16.860     44.355      7.502 4
  -1   -2    -40.632     31.250     22.188 4
  -1   -2    -13.961    -30.989      6.858 4
  -1   -2     37.649    -16.382     10.782 4
  -1   -2     24.261     17.604      0.908 4
  -1   -2     38.143    -35.395      2.277 4
  -1   -2     25.825     -8.664     12.022 4
  -1   -2    -19.956      3.788    -15.203 4
  -1   -2      8.584     20.618     12.948 4
  -1   -2    -43.993    -34.693     -3.384 4
  -1   -2    -21.478     42.015     -3.652 4
  -1   -2    -56.831     16.751     -6.151 4
  -1   -2     35.304    -25.582    -17.761 4
  -1   -2      0.366    -21.752      8.964 4
  -1   -2     -1.593     -2.760      4.839 4
  -1   -2    -31.878     -6.534     20.383 4
  -1   -2     41.169    -24.157    -14.435 4
  -1   -2     43.919     10.603      8.934 4
  -1   -2    -12.606     -5.042     11.443 4
  -1   -2    -26.097      5.973    -26.632 4
  -1   -2     44.599     16.411    -13.644 4
  -1   -2    -15.540     16.343      1.035 4
  -1   -2    -10.559      2.500    -17.665 4
  -1   -2      2.168     25.425     -6.121 4
  -1   -2    -35.051      7.036     -8.329 4
  -1   -2    -57.915     43.832     20.028 4
  -1   -2    -16.635      3.900    -15.347 4
  -1   -2    -17.532    -30.679      7.177 4
  -1   -2    -49.763      2.138     11.826 4
  -1   -2      9.231     16.242      5.284 4
  -1   -2    -63.564     50.561     -0.340 4
  -1   -2     -6.011     40.268    -45.887 4
  -1   -2     -0.092    -13.817     -2.980 4
  -1   -2     37.350      0.371      8.668 4
  -1   -2    -12.926     -0.505     24.604 4
  -1   -2     10.737      1.929      6.947 4
  -1   -2     30.888     -3.384      7.605 4
  -1   -2     11.240    -24.814      6.252 4
  -1   -2    -23.364      3.083    -11.356 4
  -1   -2     50.733     -7.715     -2.703 4
  -1   -2     47.873    -24.781     -2.438 4
  -1   -2    -60.157    -11.376     22.930 4
  -1   -2    -44.813     -0.943     21.134 4
  -1   -2     -2.712     29.964     32.964 4
  -1   -2    -44.990     -6.268    -12.530 4
  -1   -2      2.704    -16.971     22.720 4
  -1   -2    -29.288     29.851     13.356 4
  -1   -2     -0.069      6.657    -21.669 4
  -1   -2     -2.899     16.713     -4.333 4
  -1   -2     -2.995     -4.749      2.705 4
  -1   -2     31.704    -29.267     15.154 4
  -1   -2    -50.962    -21.061     -6.209 4
  -1   -2     -6.283    -12.706    -14.584 4
  -1   -2    -27.993     -9.012    -14.844 4
  -1   -2     -8.868     39.247      1.801 4
  -1   -2    -40.476    -11.875      7.179 4
  -1   -2      2.812     29.591    -22.985 4
  -1   -2      5.985     -2.685     -9.441 4
  -1   -2    -43.762    -27.601    -16.903 4
  -1   -2    -36.111    -12.673     -4.888 4
  -1   -2    -59.281     13.938    -17.593 4
  -1   -2     -5.938      4.674    -15.225 4
  -1   -2     12.147     21.716     -3.623 4
  -1   -2    -23.233      9.930     16.012 4
  -1   -2      7.334     39.174     19.199 4
  -1   -2    -33.098    -28.069    -12.082 4
  -1   -2    -33.759    -12.482     23.611 4
