710
  -1   -2      9.801     13.291      8.395 4
  -1   -2     21.333     42.353      7.691 4
  -1   -2     12.093    -31.138     12.054 4
   1   -2     23.422     37.758      9.183 4
  -1   -2     26.893    -30.227      6.826 4
  -1   -2     14.925    -31.187     13.525 4
  -1   -2     38.974     50.390      8.442 4
   4   -2     -5.368     33.077      1.166 4
  -1   -2    -26.822      0.531     12.941 4
  12   -2     38.282     11.265     -0.773 4
   7   -2    -10.753     36.341      3.720 4
   8   -2      5.392      9.748     10.461 4
  18   -2    -23.510     48.752      2.265 4
  -1   -2    -12.666     18.744      4.584 4
   3   -2    -26.247      0.511     13.477 4
  31   -2     18.643    -12.283      4.079 4
  -1   -2    -34.382     51.999      8.892 4
  -1   -2    -46.291     34.050     10.917 4
  -1   -2     37.512     22.864     11.060 4
  16   -2    -12.178      2.168      3.380 4
  -1   -2    -20.125     31.181     -4.191 4
  27   -2    -14.684    -21.284      7.188 4
   9   -2     11.609    -14.676     10.239 4
  44   -2     19.953    -22.905      9.788 4
  -1   -2      9.110     28.786     11.302 4
  -1   -2    -33.577    -11.562     11.381 4
  -1   -2     10.591     50.181     -8.971 4
  -1   -2     13.105     16.310      3.651 4
  -1   -2    -22.333     34.360     12.084 4
  -1   -2    -18.456     47.892     13.391 4
  42   -2    -28.228     15.778      5.683 4
  23   -2     -5.427     36.419      5.163 4
  34   -2      6.467     13.213     11.647 4
  -1   -2      1.852     -6.521      5.295 4
  -1   -2     16.936    -31.141     13.237 4
  -1   -2     21.286     33.200      5.529 4
  -1   -2    -15.190     50.170      2.035 4
  61   -2    -19.385    -20.246     11.220 4
  -1   -2    -49.005     16.470     10.900 4
  -1   -2    -45.850     15.441     18.447 4
  39   -2    -36.035     28.928      7.403 4
  66   -2     -5.977     -7.334     10.647 4
  76   -2     21.526    -19.522      6.784 4
  21   -2      1.823      2.641     10.842 4
  25   -2    -25.088      0.405     16.831 4
 100   -2      2.793     43.463      9.448 4
  -1   -2      6.806     13.653     -2.050 4
  51   -2    -27.646     17.541      5.481 4
  70   -2     -5.193      2.646      9.051 4
  60   -2     -7.207     39.493      2.900 4
  72   -2    -17.567     26.322      7.659 4
  -1   -2    -17.597     44.179     26.281 4
  67   -2    -13.821      6.062      8.611 4
  36   -2     29.642    -12.671      5.194 4
  47   -2      1.515     21.488     11.115 4
  45   -2    -47.496      7.719     -8.091 4
  -1   -2     27.697     41.451      9.805 4
  53   -2      7.596     21.417      8.656 4
  -1   -2     22.668     25.750      7.080 4
  -1   -2     24.050    -18.622      9.610 4
  64   -2    -48.320     40.574     13.626 4
  -1   -2     22.146    -12.068      9.759 4
  52   -2      8.979    -23.159      0.006 4
 119   -2    -10.593      9.936      6.717 4
  -1   -2     18.615    -31.221     11.312 4
  59   -2      7.496     33.109     11.964 4
  -1   -2    -26.824     43.992     -0.169 4
  -1   -2     21.975    -29.504     12.978 4
  -1   -2    -18.579     44.305     11.396 4
  94   -2     -1.582    -30.754    -12.364 4
  -1   -2     39.150    -31.955      8.197 4
  -1   -2    -44.896    -30.866      3.539 4
  -1   -2      4.759     -0.758     11.206 4
 118   -2     22.054     16.381     11.500 4
 114   -2     12.937     22.885      5.984 4
  73   -2    -20.360    -16.949      8.449 4
  -1   -2     22.431    -30.925      2.072 4
  40   -2     18.797      9.200      8.289 4
  79   -2    -60.365     30.356      5.202 4
  -1   -2    -49.549     30.379     -5.401 4
  69   -2     11.241     20.923     10.531 4
  -1   -2     38.211      5.676      7.825 4
 189   -2     14.518     -9.866      9.487 4
  -1   -2      8.523    -31.557     13.909 4
  99   -2      7.392     35.466      8.887 4
  98   -2    -29.959     31.653     12.628 4
 171   -2     26.456    -11.331      8.423 4
  56   -2    -29.180    -12.632     11.386 4
 104   -2     25.588      1.488     17.229 4
  -1   -2     24.032     -5.912     10.839 4
  -1   -2    -17.494    -29.925     13.994 4
  88   -2     21.557      9.958     13.238 4
  85   -2     -7.073      1.958     17.025 4
  -1   -2    -25.040     39.893      9.509 4
  -1   -2      1.429    -28.935      9.994 4
  -1   -2    -38.508    -15.120     11.284 4
  -1   -2    -53.348     14.865    -21.617 4
  -1   -2    -49.012      0.844     10.638 4
  -1   -2    -12.895    -11.955      9.131 4
  -1   -2     38.841     -8.281      5.147 4
  -1   -2    -15.241     39.133     -1.851 4
  46   -2     -5.544    -14.745      8.666 4
  -1   -2     -7.919     12.984     12.161 4
  -1   -2     -4.707    -26.516     -2.946 4
  -1   -2    -39.893     33.940      2.067 4
 156   -2     27.960    -29.891     22.155 4
  -1   -2    -36.541     -0.515      9.111 4
  -1   -2    -30.162     29.033     11.506 4
  -1   -2     -7.756     -9.661      4.672 4
  -1   -2      1.324     32.883     -4.864 4
  95   -2     -9.115      3.210      4.499 4
  -1   -2    -21.604      4.350      7.076 4
  -1   -2     12.508     42.414     10.257 4
 149   -2     -6.255     22.385      6.801 4
 124   -2     13.361     19.299      7.088 4
  -1   -2     23.515     15.917      8.667 4
  -1   -2     36.702     26.447      8.208 4
  -1   -2     17.466     39.046     -9.860 4
 161   -2     15.618      0.385     10.936 4
  -1   -2    -10.943    -31.033     -2.668 4
  -1   -2     -7.973    -17.069     10.507 4
  -1   -2     -9.389     15.378      7.996 4
  -1   -2     11.418    -26.900     10.229 4
 170   -2    -60.457     34.018     13.153 4
  77   -2    -16.391     20.732      9.066 4
 112   -2     19.673    -16.760      7.682 4
  -1   -2      3.258     42.322      4.714 4
  -1   -2     40.501     26.230      9.912 4
  -1   -2     -4.747     12.529      8.629 4
  -1   -2    -36.557     -8.885      9.337 4
  -1   -2      5.191     -5.059     10.829 4
  -1   -2      8.942     -4.091     11.068 4
 128   -2     11.596     -8.254      8.591 4
 130   -2    -15.538     16.601      9.090 4
  -1   -2    -12.908      5.704      8.823 4
  -1   -2      5.921     21.146      7.757 4
 138   -2    -12.703      3.216      8.396 4
  -1   -2     28.773     38.438     10.797 4
  -1   -2    -30.468     -6.793      9.487 4
  -1   -2     10.867     38.382     13.632 4
  -1   -2    -26.407    -25.417     11.155 4
  -1   -2     13.705     -7.928     12.959 4
  -1   -2     11.467     37.601      6.049 4
  -1   -2     40.159     20.420    -11.538 4
  -1   -2     40.580      1.099    -14.407 4
  -1   -2     38.419     51.255      2.582 4
  -1   -2    -49.790    -21.337     11.458 4
  -1   -2      9.682     30.431      7.184 4
  -1   -2     -9.950     22.418      9.052 4
 182   -2    -28.610     -8.938      2.691 4
  -1   -2    -16.719     22.835      6.886 4
  -1   -2     -7.862    -26.641      0.571 4
 198   -2     11.203      9.310      6.425 4
  -1   -2    -22.612    -26.550     13.320 4
 224   -2    -59.657    -12.407     11.346 4
  -1   -2     14.587      5.485     10.774 4
 163   -2    -29.275     33.628      0.850 4
  -1   -2     12.063      1.325      5.785 4
  -1   -2    -48.717      1.699     17.093 4
 108   -2    -12.477     19.896      7.370 4
  -1   -2    -21.302    -22.473     11.890 4
  -1   -2     21.797      8.174      6.669 4
  -1   -2    -37.619     22.564     10.781 4
  -1   -2     -4.415     -6.225     11.334 4
  -1   -2    -27.843    -19.779     10.699 4
  -1   -2    -30.814      0.975      1.147 4
  -1   -2    -51.892    -20.916      5.521 4
 174   -2     30.401     31.862      5.380 4
  -1   -2    -48.959      5.765      4.491 4
 223   -2     -9.738      1.869     11.788 4
 134   -2      8.370      3.409      7.658 4
  -1   -2    -11.479      7.987      9.377 4
 115   -2    -16.612    -15.242     10.192 4
  -1   -2    -36.354     14.094      8.286 4
  -1   -2     16.145     11.527      8.317 4
  -1   -2    -53.178    -11.459    -15.636 4
 167   -2    -11.030     10.255     10.701 4
 180   -2      2.990     26.241     11.140 4
  -1   -2     -7.458     42.340      4.360 4
  -1   -2     24.591    -13.900     11.222 4
  -1   -2     -6.335    -16.710     11.038 4
 205   -2     -6.368     11.420      8.423 4
  -1   -2     19.342     41.001     24.804 4
  -1   -2    -16.016     31.138      5.228 4
  -1   -2     10.527     43.412     13.428 4
  -1   -2     -2.969     15.002      6.023 4
  -1   -2     -0.605     45.327     14.451 4
  -1   -2      5.679    -17.022     10.071 4
  -1   -2      3.649    -22.002      9.458 4
  -1   -2    -12.546     31.582      7.216 4
 110   -2    -24.773      8.896     12.898 4
  -1   -2     16.145     22.123      9.172 4
  -1   -2     -8.057    -20.759     23.599 4
  -1   -2     23.262     21.011      5.882 4
  -1   -2    -13.600     47.880     18.641 4
  -1   -2    -31.073    -16.900     13.653 4
  -1   -2     38.740     13.647      9.406 4
  -1   -2    -61.877      3.512     11.668 4
 148   -2     36.457     34.818    -11.763 4
 233   -2     49.234     29.175      2.447 4
  -1   -2    -62.337     -8.243     11.540 4
  -1   -2    -19.390     -8.976     14.457 4
  -1   -2    -39.242    -27.495     -2.636 4
  -1   -2     22.946     -8.317      6.460 4
  -1   -2     39.337     42.244      8.369 4
  -1   -2     40.963     32.214      9.517 4
  -1   -2    -25.240     17.042      7.490 4
  -1   -2    -18.018     18.088     11.808 4
  -1   -2    -61.748    -15.659     14.467 4
 222   -2    -26.929     30.323     11.949 4
  -1   -2    -61.835     24.580      8.933 4
  -1   -2     24.925     -9.175     15.556 4
  -1   -2    -14.635      2.792      3.555 4
 215   -2    -18.662     -6.028      8.604 4
  -1   -2     37.196     28.002     -6.722 4
  -1   -2    -58.313     35.291     16.103 4
  -1   -2      4.693    -30.377    -17.103 4
  -1   -2     48.671     22.505     -2.815 4
  -1   -2    -25.246      4.044     11.803 4
 248   -2     14.543     -2.657      2.958 4
  -1   -2     14.853      2.796     11.420 4
  -1   -2      3.953     11.547     11.475 4
  -1   -2     -1.655      0.581      9.528 4
  -1   -2    -48.182    -22.172     -5.123 4
  -1   -2    -42.801    -29.202      7.280 4
 166   -2     10.318      7.745      7.118 4
  -1   -2    -11.029     25.092      5.433 4
  -1   -2     -8.138     26.404      9.037 4
  -1   -2     36.138    -32.789    -13.081 4
  -1   -2     38.383     37.225      9.856 4
  -1   -2     27.274     21.220      8.474 4
  -1   -2     22.026      0.108     12.803 4
  -1   -2     43.096     26.838      3.832 4
  -1   -2      4.326     16.941      9.569 4
  -1   -2    -56.335     37.012    -15.359 4
  -1   -2    -10.959     26.560     10.034 4
  -1   -2    -15.788     -1.635      7.024 4
  -1   -2    -62.153     43.286     15.488 4
  -1   -2    -41.536     -8.556     14.496 4
  -1   -2    -49.826    -30.297    -18.697 4
  -1   -2     10.307      5.241     11.269 4
 203   -2    -23.323    -22.859     10.935 4
  -1   -2     44.525      8.807     15.413 4
  -1   -2     40.026     -5.870     15.727 4
  -1   -2     -4.814    -18.928      8.461 4
  -1   -2     19.178     35.159     15.712 4
  -1   -2    -11.567    -10.306      9.385 4
 264   -2     20.263     -3.392      8.060 4
  -1   -2      0.031      0.661      6.883 4
 194   -2     -0.737    -20.889      5.209 4
  -1   -2    -45.524    -26.366     13.226 4
  -1   -2    -35.737    -25.685    -14.584 4
  -1   -2    -49.466      9.449     -0.021 4
  -1   -2      3.831     34.408     20.177 4
  -1   -2      7.546     16.557     11.623 4
  -1   -2     36.380      2.132      6.443 4
  -1   -2    -18.608     13.254     11.096 4
  -1   -2     15.357     28.500     13.845 4
  -1   -2    -17.839     24.262    -13.839 4
  -1   -2     36.707    -23.459    -12.871 4
  -1   -2     41.405     39.087     -4.392 4
  -1   -2    -46.835     28.212     12.935 4
  -1   -2    -11.371    -26.119     -2.362 4
  -1   -2    -55.345    -29.255      3.752 4
  -1   -2    -11.548     14.330      2.895 4
  -1   -2    -32.472     53.037     11.467 4
  -1   -2     12.849    -23.484     10.058 4
  -1   -2     39.079     -3.912     20.154 4
  -1   -2      4.493    -23.167     12.682 4
  -1   -2    -35.670    -10.285    -22.424 4
  -1   -2    -39.949    -22.316     15.432 4
  -1   -2     35.614     51.588     -6.445 4
  -1   -2     16.576     25.689      9.778 4
  -1   -2    -26.561    -10.513    -20.565 4
  -1   -2      2.855     -9.315     11.512 4
  -1   -2     16.386     -7.550     10.865 4
  -1   -2    -20.290     37.953    -18.573 4
  -1   -2     36.264    -26.048     -1.686 4
  -1   -2     15.133    -24.525      7.340 4
  -1   -2     11.806     -4.340      7.581 4
  -1   -2    -23.537     10.929     22.160 4
  -1   -2     37.263     -3.898     -1.863 4
 313   -2    -62.403     39.745     12.597 4
  -1   -2    -55.390     51.119     -4.551 4
  -1   -2      1.415     -3.975     11.760 4
  -1   -2     34.049     32.933      3.851 4
  -1   -2     36.165     20.326     -3.891 4
  -1   -2     25.614     -3.117    -20.768 4
  -1   -2    -48.464     -6.049     -1.983 4
  -1   -2    -41.503     47.682     -4.218 4
  -1   -2     28.628     22.787      0.525 4
  -1   -2    -53.516    -22.722    -21.278 4
  -1   -2     11.151      2.017     12.045 4
  -1   -2     44.006     11.107     -1.635 4
  -1   -2      0.467     -4.829     17.449 4
  -1   -2    -12.138     -5.897     13.017 4
  -1   -2     41.800     46.591     18.774 4
  -1   -2     48.926     12.445     -2.192 4
 211   -2     38.480      7.531     16.100 4
  -1   -2    -56.109     -0.677    -15.954 4
  -1   -2     47.115     31.459      7.588 4
  -1   -2      6.262    -26.356     10.648 4
  -1   -2      6.433    -15.348      7.395 4
  -1   -2    -26.105     45.908     -3.419 4
  -1   -2    -50.124    -11.513      4.342 4
 246   -2     49.927      4.155      4.925 4
  -1   -2    -49.795     -7.627      5.232 4
  -1   -2    -41.432     31.572     19.887 4
  -1   -2    -45.168     50.225     11.887 4
  -1   -2    -57.702     23.557     20.505 4
  -1   -2    -53.218     -9.190      6.575 4
  -1   -2    -19.663     -8.604    -19.510 4
  -1   -2    -23.284     -4.729      4.040 4
  -1   -2    -54.572      6.409    -12.652 4
  -1   -2    -54.488      2.708     17.803 4
  -1   -2    -34.999     35.038    -18.104 4
  -1   -2    -40.155     44.513      6.141 4
  -1   -2    -45.051      1.113     20.964 4
  -1   -2    -16.098     11.363    -15.402 4
  -1   -2     14.045     27.040      2.460 4
  -1   -2    -24.181    -13.937     15.612 4
  -1   -2    -17.272    -26.688      1.796 4
  -1   -2      1.423     23.466     18.342 4
  -1   -2    -25.587    -16.021     -1.694 4
  -1   -2     18.486    -24.606    -22.187 4
  -1   -2     18.070    -29.389     -1.529 4
  -1   -2    -33.046     16.861    -24.975 4
  -1   -2    -21.996     10.515     -2.500 4
  -1   -2    -60.560     47.328     -2.869 4
  -1   -2    -60.622      5.653      5.981 4
  -1   -2    -35.120     16.323    -19.387 4
  -1   -2    -48.518     -3.139      1.565 4
  -1   -2     24.051    -21.576     13.614 4
  -1   -2     20.146     27.167      9.950 4
  -1   -2      9.363     -0.135      9.946 4
  -1   -2    -25.727     35.073    -23.655 4
  -1   -2    -35.219     -4.208     12.049 4
  -1   -2    -16.341     14.644     -8.594 4
  -1   -2     28.037    -14.619    -12.179 4
  -1   -2     27.843     -7.005     -9.877 4
  -1   -2     20.925    -28.343     -0.887 4
  -1   -2     37.432     38.593     -0.856 4
  -1   -2     26.907     18.976     -7.595 4
  -1   -2    -11.469    -13.822    -20.454 4
  -1   -2      6.597     -4.938      9.832 4
  -1   -2     18.817     23.586      4.957 4
  -1   -2     50.737     19.388      2.526 4
  -1   -2     19.226     51.004      4.349 4
  -1   -2    -17.818     -6.262    -13.774 4
  -1   -2     20.521     -9.657     15.390 4
  -1   -2    -23.987      4.597      9.032 4
  -1   -2    -30.270    -15.188     10.038 4
  -1   -2    -41.197     52.092    -15.728 4
  -1   -2    -18.664    -10.124     -6.317 4
  -1   -2     18.771     -1.753     -1.415 4
  -1   -2     39.162     16.705     18.250 4
  -1   -2     25.160     19.847     11.673 4
  -1   -2     -9.237     -3.837     16.844 4
  -1   -2     -2.776     29.546      1.913 4
  -1   -2    -35.134      0.991    -12.919 4
  -1   -2    -60.538      2.998    -13.854 4
  -1   -2    -57.164    -27.893      4.781 4
  -1   -2     -2.086    -22.810    -13.531 4
  -1   -2      0.517      6.096      8.258 4
  -1   -2     38.837    -13.022     -8.255 4
  -1   -2    -60.791     46.455      3.141 4
  -1   -2    -36.505     26.421     -0.821 4
  -1   -2     -1.419     36.895    -23.678 4
  -1   -2    -62.807     32.711      7.685 4
  -1   -2     -2.748    -11.174     -0.820 4
  -1   -2      4.954    -20.335      4.317 4
  -1   -2     13.338     32.869     -1.946 4
  -1   -2     19.641     30.076     -8.084 4
  -1   -2      0.009    -18.667     14.905 4
  -1   -2    -57.232     -8.595    -16.647 4
  -1   -2     18.501     29.469     20.564 4
  -1   -2     51.021      8.625      3.781 4
  -1   -2    -38.711      4.169      1.957 4
  -1   -2     49.133    -25.738      3.764 4
  -1   -2    -18.225     19.414     -4.591 4
  -1   -2    -58.122     -2.937    -19.474 4
  -1   -2     10.554     48.349      5.320 4
  -1   -2    -46.311    -12.688     12.848 4
  -1   -2    -36.282    -23.967     11.795 4
  -1   -2      3.825      7.662      7.398 4
  -1   -2      4.159     38.979     -0.319 4
  -1   -2     21.677     47.268     17.113 4
  -1   -2    -30.139     -3.524    -20.830 4
  -1   -2      7.759     44.346     -7.741 4
  -1   -2    -47.935    -30.409    -19.564 4
  -1   -2     18.554      4.487     19.162 4
  -1   -2    -50.978     46.438    -13.508 4
  -1   -2     50.743     -9.080      2.559 4
  -1   -2    -60.741     37.139     -0.264 4
  -1   -2    -24.808     23.363     10.586 4
  -1   -2    -56.505    -26.154     -7.081 4
  -1   -2    -12.039    -17.844    -16.348 4
  -1   -2     39.276     54.912      7.000 4
  -1   -2     38.896    -13.450      5.995 4
  -1   -2     38.208     50.459     13.128 4
 416   -2     35.735     11.369      2.060 4
  -1   -2     14.437    -30.811    -19.918 4
  -1   -2    -51.731     42.817    -12.782 4
  -1   -2    -48.903     18.179     13.900 4
  -1   -2     24.309     50.799      5.897 4
  -1   -2    -14.919    -29.999     11.378 4
 441   -2     50.111     44.387      2.553 4
  -1   -2     20.367    -31.501     11.648 4
  -1   -2    -46.327     39.038     22.176 4
  -1   -2     33.830     -4.289      1.815 4
  -1   -2    -48.852     15.013     14.303 4
  -1   -2    -34.522     37.610     -8.693 4
 412   -2     55.954     38.209      9.402 4
  -1   -2    -19.956     36.895      7.729 4
  -1   -2     50.745     49.235     -1.905 4
  -1   -2    -51.080     20.631    -15.809 4
  -1   -2     26.473    -24.944     19.904 4
  -1   -2     48.778     41.605     -5.888 4
  -1   -2     20.215    -31.799      3.001 4
  -1   -2     -8.475    -30.183    -12.424 4
  -1   -2    -46.632      0.647     18.388 4
  86   -2     12.516     12.962     11.713 4
  -1   -2    -17.576    -19.538     10.199 4
  -1   -2    -38.405     37.195      4.688 4
  -1   -2    -49.080     19.163      5.996 4
  -1   -2    -49.547     24.355      1.695 4
  -1   -2     29.039     15.038      3.086 4
  -1   -2     49.269     35.731      3.039 4
  -1   -2     17.815    -31.257     12.371 4
  -1   -2     29.972    -28.975     14.838 4
  -1   -2     32.809     54.739     22.541 4
  -1   -2     10.371    -29.731      2.829 4
  -1   -2     38.515     47.660      4.631 4
  -1   -2    -11.237     36.161      4.798 4
  -1   -2    -60.069     -5.422     10.705 4
  -1   -2     50.213      6.565      7.571 4
  -1   -2     28.323     47.538     -3.075 4
  -1   -2     -0.436     34.293     10.059 4
  -1   -2     39.253     17.394      5.824 4
  -1   -2     30.257    -29.803     23.843 4
  -1   -2    -44.346     54.047     -3.365 4
  -1   -2    -62.419      7.691      3.657 4
  -1   -2    -49.488     21.999      1.263 4
  -1   -2     22.617    -32.257      2.665 4
  -1   -2    -52.685     25.605    -16.691 4
  -1   -2     30.663     34.819     11.339 4
  -1   -2    -49.242      4.665      5.698 4
  -1   -2     23.751    -31.670     -1.145 4
 453   -2     53.082     37.681      9.469 4
  -1   -2     27.932     23.779    -18.551 4
  -1   -2    -30.875     24.122     16.133 4
  -1   -2      7.660    -29.387     -5.986 4
  -1   -2    -50.133     40.279      0.470 4
  -1   -2     17.652    -23.462     15.988 4
  -1   -2     36.605     18.407      9.156 4
  -1   -2     37.833     29.281    -13.587 4
  -1   -2    -63.032     34.926      4.379 4
  -1   -2     19.531     47.489     10.982 4
  -1   -2    -27.596     49.751     -6.665 4
 446   -2     -6.815     -7.228      9.090 4
  -1   -2     44.085     24.096     -8.570 4
  -1   -2     40.695     -8.161    -11.388 4
  -1   -2     24.281     10.381     17.766 4
  -1   -2    -49.308      2.446     -0.941 4
  -1   -2    -51.185     27.763     -0.282 4
  -1   -2     25.582    -32.933      6.027 4
  -1   -2     14.614    -32.255     11.044 4
  -1   -2     -2.590     13.469     25.922 4
  -1   -2     52.425      4.528      9.550 4
  -1   -2    -20.835      4.115     12.423 4
  -1   -2      9.063     50.719     11.006 4
  -1   -2     51.853     30.218      0.335 4
  -1   -2    -49.936    -15.544     -4.904 4
  -1   -2    -37.112     12.575      1.286 4
  -1   -2    -27.257      6.998     -1.840 4
  -1   -2    -48.378     19.880      0.709 4
  -1   -2    -58.870     13.226     11.838 4
  -1   -2    -12.716     39.184    -18.925 4
  -1   -2    -53.150    -18.260    -18.707 4
  -1   -2     21.480    -31.057      1.780 4
  -1   -2     19.536     37.733    -23.837 4
  -1   -2     42.958    -31.912     -0.232 4
  -1   -2    -48.210    -31.758      3.980 4
 502   -2     48.302     42.636      6.941 4
  -1   -2    -18.347     -9.584     12.066 4
  -1   -2    -19.932     29.188      8.680 4
  -1   -2    -38.467     39.946      1.496 4
  -1   -2     36.938     -9.074     -3.479 4
  -1   -2    -60.725     -5.220    -15.369 4
  -1   -2    -52.698     20.645    -19.669 4
 534   -2      7.565    -29.590     -4.312 4
  -1   -2     34.653     39.613     -0.541 4
 481   -2    -50.184     40.812      0.267 4
 538   -2     56.228     10.763     12.244 4
 586   -2     20.059     15.088     10.127 4
  -1   -2    -25.628     33.242    -15.607 4
  -1   -2    -53.374     17.288      8.342 4
  -1   -2     10.396    -19.071     14.025 4
  -1   -2    -28.684     13.460     11.386 4
 423   -2    -41.765    -31.480      8.425 4
  -1   -2     19.271    -25.022     11.817 4
  -1   -2     12.617    -30.556     -4.151 4
  -1   -2     54.405     20.118      8.434 4
  -1   -2     15.254     53.541     17.237 4
  -1   -2     36.675    -21.119     -2.484 4
  -1   -2    -51.029    -18.122     -9.826 4
  -1   -2    -49.360     20.987     -1.940 4
  -1   -2      2.316    -31.363    -13.475 4
  -1   -2    -35.303     47.209     -6.900 4
  -1   -2    -51.433    -22.290     -5.560 4
  -1   -2     55.531     -5.938      6.272 4
  -1   -2     -5.508    -30.606    -18.897 4
  -1   -2    -32.280     44.627     -7.967 4
  -1   -2    -53.424      7.749     12.664 4
  -1   -2     16.543     41.199      3.069 4
  -1   -2      9.371    -30.681    -24.374 4
  -1   -2     28.599      8.225      1.793 4
 498   -2     16.759    -32.207     -0.572 4
 494   -2     54.984     13.406      9.535 4
  -1   -2     -7.387     21.219     10.296 4
  -1   -2    -47.774     31.917     -5.310 4
  -1   -2     41.975    -23.121    -12.831 4
  -1   -2    -49.783     25.533     -2.786 4
  -1   -2    -25.542     12.991    -23.544 4
  -1   -2    -61.956    -26.710      7.414 4
  -1   -2     14.121     -1.250     -0.133 4
  -1   -2    -49.484      9.742    -10.746 4
  -1   -2     38.528    -18.327     15.993 4
  -1   -2    -11.105     25.734     19.978 4
  -1   -2     36.730     20.887      9.996 4
 612   -2    -26.024    -28.354     -2.590 4
  -1   -2    -59.570     12.843    -11.266 4
  -1   -2      8.577    -29.161     -2.872 4
  -1   -2    -50.146     39.105     -0.929 4
  -1   -2     23.378     24.986     23.627 4
  -1   -2     27.634     21.651     -7.245 4
  -1   -2     29.058     -7.209      9.414 4
  -1   -2    -10.131    -29.278     14.724 4
  -1   -2    -51.791    -13.586     -8.920 4
  -1   -2     -4.622     11.357    -27.785 4
  -1   -2    -24.464     17.260      8.868 4
  -1   -2    -24.072     20.565      2.868 4
  -1   -2     33.397     -3.091     23.073 4
  -1   -2     38.127     23.259     -1.072 4
  -1   -2    -40.949     23.341      9.137 4
  -1   -2    -18.723    -11.511     -8.547 4
  -1   -2    -31.293     42.671      3.985 4
  -1   -2    -13.889    -26.225      3.931 4
  -1   -2    -49.622    -25.397     -1.651 4
 540   -2     18.565     15.254     12.557 4
  -1   -2    -48.337     -0.065    -18.388 4
  -1   -2     15.174    -15.339     -0.885 4
  -1   -2    -48.970      5.759     17.601 4
  -1   -2    -39.945    -17.240      1.850 4
  -1   -2    -13.737     -3.274     21.181 4
  -1   -2     27.655    -13.611     -1.728 4
  -1   -2     23.849    -16.573      4.801 4
  -1   -2    -26.614     12.099      6.257 4
  -1   -2    -50.102     52.588      0.823 4
  -1   -2    -22.506     -6.351    -24.714 4
  -1   -2    -32.276      3.473     19.978 4
  -1   -2    -49.819     30.512      1.610 4
  -1   -2    -49.222      8.009    -12.719 4
  -1   -2    -49.490     36.783     20.387 4
  -1   -2     36.235     46.097      4.585 4
  -1   -2    -41.236    -33.333      8.154 4
  -1   -2      7.624    -17.428     13.172 4
  -1   -2    -46.319     44.123     -7.077 4
  -1   -2     54.129     47.803      3.211 4
  -1   -2     38.158     50.955     20.859 4
  -1   -2     -1.414     -5.418      8.164 4
  -1   -2    -55.577      0.105     -0.996 4
  -1   -2     38.434     34.852     13.703 4
  -1   -2     37.357    -15.481     11.098 4
  -1   -2     28.532      4.881     -6.012 4
  -1   -2     -2.022     41.488    -15.876 4
  -1   -2    -43.639    -24.460     -2.558 4
  -1   -2    -27.674     -7.907    -23.327 4
  -1   -2     13.521    -25.489     21.204 4
  -1   -2      6.276      4.749      6.473 4
  -1   -2      2.642     20.828    -24.192 4
  -1   -2     -9.421    -19.201     -9.828 4
  -1   -2     17.148     15.624    -20.403 4
  -1   -2    -26.095     -6.339      0.426 4
  -1   -2    -22.698     39.300    -16.868 4
  -1   -2    -59.083    -10.614     11.799 4
  -1   -2     25.790     37.712     -7.770 4
  -1   -2    -50.124     32.977     -1.513 4
  -1   -2     34.377     -1.456      9.633 4
  -1   -2    -48.172     12.110     -0.100 4
  -1   -2     24.309      8.260     20.855 4
  -1   -2     19.250     12.628    -14.592 4
  -1   -2     44.728    -13.523    -13.412 4
  -1   -2    -36.846      7.236    -23.610 4
  -1   -2    -42.989      2.491     20.664 4
  -1   -2     55.238     -7.935      6.537 4
  -1   -2    -26.768    -24.765    -24.639 4
  -1   -2    -35.580     21.427     14.869 4
  -1   -2     21.577    -21.547      5.855 4
  -1   -2    -33.033     -5.321      4.093 4
  -1   -2     -2.847     33.321      1.819 4
  -1   -2     38.896     31.592     13.603 4
  -1   -2    -18.734     -2.642      4.443 4
 274   -2    -49.417    -26.543     -2.388 4
  -1   -2    -52.995     -7.523    -17.339 4
  -1   -2    -53.800     49.280     -9.512 4
  -1   -2      1.113     -5.432     -1.304 4
  -1   -2    -30.550    -26.677      0.898 4
  -1   -2     39.560     21.161     16.801 4
  -1   -2    -12.061    -10.689     -8.939 4
  -1   -2    -34.386     19.515    -18.373 4
  -1   -2     27.454     -5.018    -12.736 4
  -1   -2    -60.108     52.859    -10.173 4
  -1   -2    -35.520     15.077      8.621 4
  -1   -2     35.661     14.853      9.102 4
  -1   -2    -42.477     46.709      4.229 4
  -1   -2     56.491     27.390     18.443 4
  -1   -2    -54.020    -22.676     13.323 4
  -1   -2      8.751     35.776    -17.447 4
  -1   -2     16.345     -4.227     19.210 4
  -1   -2    -57.515      9.417     15.727 4
 634   -2    -14.110      8.970    -21.718 4
  -1   -2     56.550    -13.746      8.415 4
  -1   -2     57.533     16.115     16.322 4
  -1   -2     44.762      0.964     -7.713 4
  -1   -2      4.016    -11.822     -8.398 4
  -1   -2     22.640     31.874    -19.284 4
  -1   -2    -34.139    -25.806     21.908 4
  -1   -2    -34.787     40.184      3.040 4
  -1   -2    -11.458    -31.194     14.738 4
  -1   -2    -25.519     25.174     -9.224 4
  -1   -2    -29.162    -15.866      5.303 4
  -1   -2    -29.610    -13.927     -1.291 4
  -1   -2    -55.439     16.680     11.941 4
  -1   -2    -30.383      8.981      2.520 4
  -1   -2     42.997     15.831     -0.056 4
  -1   -2     -7.601     48.179    -27.796 4
  -1   -2    -26.658    -27.706     11.518 4
  -1   -2     29.317     16.703      6.232 4
  -1   -2     54.783     17.720     -5.947 4
  -1   -2     35.066    -27.059     -0.084 4
  -1   -2     -6.916     44.360     18.953 4
  -1   -2      8.356    -14.514    -15.088 4
  -1   -2    -52.098     44.832    -12.101 4
  -1   -2     -9.446     -4.229     -8.557 4
  -1   -2    -13.620     24.712     -0.960 4
  -1   -2      0.654     35.489      0.696 4
  -1   -2     15.221      3.338     23.475 4
  -1   -2     37.623     28.018     14.043 4
  -1   -2      8.442     22.548     29.055 4
  -1   -2     23.611    -14.517     14.453 4
  -1   -2     20.067     22.662     -9.071 4
  -1   -2     38.303     33.098     13.220 4
  -1   -2     -1.039      2.976      1.639 4
  -1   -2    -26.232    -12.917     -4.603 4
  -1   -2     38.845     -0.536     11.788 4
  -1   -2    -60.223     38.069     12.165 4
  -1   -2    -25.920    -15.257    -14.035 4
  -1   -2      3.840     25.558    -22.800 4
  -1   -2     15.648      7.606    -17.811 4
  -1   -2    -18.541    -14.382     -5.588 4
  -1   -2     17.000      0.238     -3.181 4
  -1   -2     10.465     -3.786      9.996 4
  -1   -2    -10.095     22.434      0.652 4
  -1   -2    -49.239    -10.874     16.208 4
  -1   -2    -63.305    -22.153     12.000 4
  -1   -2    -58.736    -17.899     -3.030 4
  -1   -2    -15.003     36.173    -34.509 4
  -1   -2     -1.013    -25.625     -5.351 4
  -1   -2      9.012    -20.508     11.945 4
  -1   -2      0.260     16.485     17.062 4
  -1   -2    -38.920    -18.820    -11.596 4
  -1   -2     -9.417    -20.982      0.013 4
  -1   -2    -24.805     22.174      0.712 4
  -1   -2    -36.600     24.361      1.830 4
  -1   -2      9.600     27.669    -31.035 4
  -1   -2     11.492     26.018     18.883 4
  -1   -2    -61.650     19.308     17.022 4
  -1   -2     -1.657    -12.320      3.904 4
  -1   -2     -1.928     -2.352    -24.975 4
  -1   -2    -11.892     32.988    -17.152 4
  -1   -2    -59.136      2.186     -7.271 4
  -1   -2      9.643     21.925      8.869 4
  -1   -2    -43.907    -27.560     -9.645 4
  -1   -2     54.025     21.783     -2.831 4
  -1   -2    -47.179     30.038    -21.272 4
  -1   -2    -31.091    -23.273     14.651 4
  -1   -2     33.577    -24.160     18.377 4
  -1   -2      2.483     31.957      4.802 4
  -1   -2     11.130     46.938     17.980 4
  -1   -2    -37.057     -6.180      0.499 4
  -1   -2      1.983    -14.080     11.608 4
  -1   -2      9.901     16.584      4.961 4
  -1   -2    -21.383     13.894      9.853 4
  -1   -2     47.821     51.756     -9.462 4
  -1   -2    -11.159     14.663    -21.170 4
  -1   -2     10.139      6.636     -4.554 4
  -1   -2    -59.695    -17.166    -18.092 4
  -1   -2      4.037     10.733     17.546 4
  -1   -2     43.618    -25.908     -5.113 4
  -1   -2     14.645      4.584     16.941 4
  -1   -2     -3.625    -24.152     12.662 4
  -1   -2     -4.638     21.349    -17.828 4
  -1   -2    -65.088     21.245      4.330 4
  -1   -2      4.378    -29.959    -19.201 4
  -1   -2    -60.577      3.721    -14.536 4
  -1   -2      8.576     -8.474     15.876 4
  -1   -2     26.066     -4.612     14.030 4
  -1   -2     37.642      5.261     10.838 4
  -1   -2     22.686     -1.710    -10.469 4
