1091
  -1    1     22.567     40.604      9.206 4
  -1    0     10.418     13.442      9.931 4
  -1    6    -21.714     35.780     10.291 4
  -1    2     24.492     35.311     10.095 4
  -1    3    -25.713     45.357     12.202 4
  -1    7    -26.049      1.260     12.170 4
  -1    4     22.641     30.386      7.126 4
  -1    8     38.975     50.251      7.002 4
  -1    9      1.485     -6.714      7.171 4
  -1   12     14.007     15.828      4.854 4
  -1   -2     27.333    -30.255      6.841 4
  -1   -2     14.425    -31.250     10.739 4
  -1   18     38.281     11.260     -0.685 4
  -1   -2    -17.295     44.448     29.247 4
  -1   -2    -48.240     34.302     12.037 4
  -1   11      9.086    -14.543     10.650 4
  -1   -2     37.539     22.849     11.094 4
  -1   -2    -48.963     16.555     10.240 4
  -1   15    -10.997      1.718      4.130 4
  -1   13    -15.606     26.513      8.393 4
  -1   17    -22.958     48.920      0.296 4
  -1   -2    -17.378     47.982     12.435 4
  -1   10      8.543     29.070     11.744 4
  -1   16      6.126     10.008     11.253 4
  -1   24      8.104     33.323     10.549 4
  -1   -2     14.514     47.357      9.112 4
  -1   -2    -10.497     36.905      1.446 4
  -1   20     15.704    -13.129      5.014 4
  -1   37      6.485     13.071     11.298 4
  -1   23    -33.224     -9.339     10.663 4
  -1   -2    -35.285     29.908      6.938 4
  -1   -2     12.537     49.311     -9.358 4
  -1   -2      8.995     43.390      8.860 4
  -1   -2     -5.301     37.288      2.723 4
  -1   48    -11.498     19.397      3.418 4
  -1   38    -17.424    -20.015      7.099 4
  -1   -2     39.247     10.552     12.395 4
  -1   -2     -4.448     34.247     -0.226 4
  -1   52     19.927      8.467      9.704 4
  -1   41      1.066     22.586      9.731 4
  -1   86    -33.788     51.617      6.722 4
  -1   69     -6.849     39.890      0.960 4
  -1   47      2.521      3.121     11.256 4
  -1   51     17.029    -20.598      8.062 4
  -1   -2    -45.817     15.413     18.056 4
  -1   -2     39.202     46.604      2.933 4
  -1   -2     23.072    -31.202     -2.115 4
  -1   -2      5.811     48.165     11.436 4
  -1   -2     37.905     50.420      6.660 4
  -1   -2     29.811    -29.289     13.370 4
  -1   85     13.472     21.750      6.636 4
  -1   66    -13.487      7.001      8.036 4
  -1   -2    -12.681     49.983     -1.218 4
  -1   -2      4.651    -29.411     -4.327 4
  -1   75     37.407     13.424     -0.082 4
  -1   -2    -47.500      7.750     -7.974 4
  -1   -2    -14.711    -29.968     12.458 4
  -1   65     13.435      0.989      7.473 4
  -1   -2     14.106     41.641     11.947 4
  -1   35     19.514     21.766      7.909 4
  -1   -2     39.392      4.699     11.999 4
  -1   -2     -0.112    -23.806      7.568 4
  -1   -2     39.135    -31.914      8.391 4
  -1   57    -27.341     15.534      4.422 4
  -1   -2     23.130     11.515      6.196 4
  -1   -2    -44.785    -30.856      1.315 4
  -1   67     -5.924     -6.527     11.716 4
  -1   60    -26.800     17.436      5.186 4
  -1  186     19.353     30.756      7.908 4
  -1   55      7.948     13.390      0.231 4
  -1   -2     25.472     41.595      6.778 4
  -1   -2    -28.974     31.758     10.290 4
  -1   45    -21.152    -15.902     10.286 4
  -1  706     20.420    -31.865      4.829 4
  -1  625    -16.942     27.550      7.767 4
  -1   -2     10.893     20.245      7.618 4
  -1   -2    -21.335     43.133     13.422 4
  -1  126     13.859     18.525      8.291 4
  -1   -2     -1.545    -30.818    -11.672 4
  -1   -2    -17.533    -29.922     14.112 4
  -1   -2    -11.268    -26.245      4.652 4
  -1  139     21.030    -13.045     10.364 4
  -1   -2     42.024     28.295      5.446 4
  -1   92    -15.703     -0.309     10.391 4
  -1   70    -14.374     39.415     -3.901 4
  -1   -2     14.304     42.336      9.732 4
  -1   -2      8.882     34.709      7.454 4
  -1   -2      4.308    -24.599      2.639 4
  -1   -2    -29.203     33.584     -0.647 4
  -1   -2     24.207     18.866      7.585 4
  -1   -2      6.945    -29.560     -7.768 4
  -1   -2    -60.713      5.203      3.939 4
  -1   -2     40.631      1.242    -16.104 4
  -1  112     10.874     -3.684      7.232 4
  -1  149     20.823    -22.545      7.508 4
  -1   -2     -8.391    -20.225      9.887 4
  -1   83    -11.690     20.469      6.129 4
  -1   62    -12.922    -11.131      9.418 4
  -1  176     12.235      8.837      7.224 4
  -1  136      5.108     -1.050     11.821 4
  -1   -2    -26.302     46.438     19.822 4
  -1   50      0.700    -31.023    -12.868 4
  -1  113     18.089    -32.092      3.728 4
  -1  183     -3.928    -20.936      6.304 4
  -1   -2    -13.139     47.377      8.257 4
  -1  116     -6.361      2.543     17.177 4
  -1   84     -6.146     -9.490      6.962 4
  -1  105    -49.617     30.600     -4.871 4
  -1   -2     22.812    -29.202     14.322 4
  -1   -2    -29.585     28.435      4.704 4
  -1  217      2.213     27.330      9.948 4
  -1   -2     14.337    -26.392     11.674 4
  -1   -2      8.948    -30.273    -20.637 4
  -1   -2    -49.713    -11.671      0.576 4
  -1  157     14.085     -9.094      9.194 4
  -1   -2     35.962     28.102      3.544 4
  -1   -2     30.250    -30.602      3.582 4
  -1  166     -8.002    -15.400     10.457 4
  -1   95    -22.105    -20.729     11.742 4
  -1   -2     37.783     50.173      1.663 4
  -1  106     18.714    -31.545     13.395 4
  -1  118    -10.458     10.556      6.496 4
  -1   58     14.077      3.981      7.558 4
  -1  182    -15.476     21.335      7.727 4
  -1  160     26.487      1.129     18.921 4
  -1  123     -5.456    -16.937      9.261 4
  -1   -2    -48.682     40.738      9.917 4
  -1   -2     28.806     36.640     19.434 4
  -1   -2    -39.566    -27.902     11.081 4
  -1  141      7.475     22.161      8.849 4
  -1  129    -60.626     30.135      5.213 4
  -1   -2     37.382    -19.322     -2.065 4
  -1   -2     39.132     -6.593      1.525 4
  -1   -2    -10.055    -30.971      3.653 4
  -1   -2    -56.500     47.402      4.351 4
  -1   -2     16.151    -30.893      6.633 4
  -1  121      4.113    -16.716      7.703 4
  -1   -2     24.176     22.978      8.443 4
  -1   -2    -31.591    -15.418     -5.337 4
  -1   -2     -6.430     18.005      7.974 4
  -1   -2    -50.101    -22.526      9.539 4
  -1  102     17.676    -17.420      8.439 4
  -1  130    -50.008      8.007     10.422 4
  -1   -2     36.746     11.273      1.890 4
  -1   -2     38.908     41.992    -10.329 4
  -1  193    -18.318     -5.025      9.551 4
  -1   -2     -2.604    -11.110      8.809 4
  -1   -2    -38.215    -23.005     11.977 4
  -1   76     -7.552      3.385      4.754 4
  -1   -2    -62.137     24.579      9.191 4
  -1  349      1.784     -7.095      3.927 4
  -1  211    -48.707      9.376     -2.318 4
  -1   -2      2.097     32.431     -5.709 4
  -1   -2    -48.908      5.780      4.619 4
  -1   -2     10.376     -4.379      7.344 4
  -1   -2     19.116     41.164     15.884 4
  -1  128     13.096     12.467     12.026 4
  -1   -2    -30.372     -5.022      7.041 4
  -1   -2    -19.150     39.786     -3.750 4
  -1   -2    -18.963     30.907     -6.524 4
  -1   -2    -30.707     42.217     11.775 4
  -1   44    -11.742     -9.170      7.499 4
  -1   -2     28.127    -29.847     23.096 4
  -1   -2    -20.051    -19.919     12.445 4
  -1  331    -11.285      9.090      8.979 4
  -1  240     14.518     -3.253      4.446 4
  -1   -2    -35.974    -26.819      6.041 4
  -1   -2    -23.946     39.617     -4.337 4
  -1  137     23.567      6.086      8.128 4
  -1   71    -10.446    -21.051     11.648 4
  -1   -2    -11.384     25.951      8.033 4
  -1   -2     -4.960    -26.466     -1.130 4
  -1   -2    -34.928    -15.916     10.537 4
  -1   -2     -8.096     -9.896      6.312 4
  -1   -2    -57.220     17.981      2.704 4
  -1  200    -61.975      3.127     10.516 4
  -1  109    -60.686     33.692     13.339 4
  -1   -2      5.485     35.674      3.939 4
  -1  111    -29.070    -11.685     12.172 4
  -1  194    -15.352     17.094      8.125 4
  -1   -2     38.963      3.144     18.596 4
  -1  198    -12.026      4.068      8.532 4
  -1   -2    -33.118      4.616     11.072 4
  -1   -2     -0.340    -21.325     12.955 4
  -1  225    -17.444     -2.761      8.228 4
  -1   -2     15.144    -29.671    -13.553 4
  -1   -2    -12.702    -29.607     17.692 4
  -1  205     22.398      9.613     14.466 4
  -1   -2    -62.338     42.858     15.552 4
  -1   -2     24.613     -0.828      6.903 4
  -1  221     -0.539      0.821      9.993 4
  -1   -2    -21.375    -12.503    -10.069 4
  -1  242      1.212      3.958      9.316 4
  -1   -2    -55.899     -0.116    -10.566 4
  -1   -2     17.119      3.309      6.878 4
  -1   -2     28.049     18.729      7.078 4
  -1   -2      9.012      2.930      8.363 4
  -1   -2      8.887    -29.346     -5.466 4
  -1  250    -22.296     -3.769     11.797 4
  -1   -2    -61.913    -14.143      6.822 4
  -1   -2     14.493    -32.224      9.107 4
  -1   -2    -28.446     -8.539      3.720 4
  -1  305    -26.443     30.551     10.366 4
  -1   -2      3.631     42.599      5.446 4
  -1   -2      8.903    -26.405     -2.599 4
  -1   89     -4.435     -5.500     12.321 4
  -1  142     10.384     -9.105      9.337 4
  -1   -2    -28.491     -3.799     20.326 4
  -1   -2      8.541    -11.974    -19.646 4
  -1   -2    -48.192      0.676     11.430 4
  -1   -2    -41.324     31.548     19.255 4
  -1   -2    -39.263    -25.656     11.576 4
  -1   -2    -29.100     50.581      4.236 4
  -1   -2     18.942     -0.862      6.304 4
  -1   -2    -12.333      6.644      8.500 4
  -1   -2     29.332     -9.422     -4.354 4
  -1  347     -2.478     25.073     15.938 4
  -1   -2    -14.547     39.043     14.053 4
  -1   -2    -53.324     15.907    -19.460 4
  -1   -2     38.680     -9.514     -0.479 4
  -1   -2     26.379     17.924      9.197 4
  -1  256    -61.660    -15.642     14.792 4
  -1  234    -30.212      0.837      2.875 4
  -1   -2    -14.367     -2.577     13.731 4
  -1   -2    -17.040     13.548     17.864 4
  -1   -2     39.144     38.051      2.235 4
  -1   -2    -62.194     -8.372     11.747 4
  -1   -2    -34.540      9.756     10.369 4
  -1   -2    -30.074     46.587      9.239 4
  -1   -2    -48.813      2.988      5.925 4
  -1  288      4.617     17.840      9.047 4
  -1   -2      5.240     42.083     18.361 4
  -1  237      5.152     -5.534     10.535 4
  -1   -2    -27.264     -3.823      5.871 4
  -1   -2     11.432     28.406     -8.456 4
  -1  155     24.701    -26.155      9.440 4
  -1   -2     16.287      0.403     11.673 4
  -1   -2    -60.218    -12.673     10.817 4
  -1   -2    -21.354     45.725      6.664 4
  -1   -2    -28.396     12.854      8.366 4
  -1   -2    -39.704    -15.418      4.648 4
  -1  230    -24.771      9.581     12.341 4
  -1  277     -5.576     18.853      9.270 4
  -1  346    -14.793      6.053     11.159 4
  -1   -2    -49.001      7.911     14.570 4
  -1   -2    -14.180     37.008      8.004 4
  -1   -2     38.410     26.865      9.697 4
  -1   -2     35.811    -26.652      2.317 4
  -1   -2    -20.252     41.003     12.337 4
  -1   -2     38.251     10.912     20.899 4
  -1   -2     42.121     36.874      6.694 4
  -1   -2     39.533     -6.706     11.036 4
  -1   -2    -15.421    -25.987     -4.760 4
  -1  323     12.067     -4.734      9.631 4
  -1  165    -56.604     16.939      4.697 4
  -1   -2    -51.869     30.406    -14.974 4
  -1   -2     11.270      7.385      8.235 4
  -1   -2     -4.914     38.676     14.184 4
  -1   -2     10.744     29.407      7.129 4
  -1   -2    -53.369    -22.523    -19.631 4
  -1   -2    -49.775      1.583      9.101 4
  -1   -2    -17.586     29.943     12.787 4
  -1  127     20.620     -5.010      8.947 4
  -1   -2     19.450    -30.037     -9.322 4
  -1   -2     11.090    -20.268      8.837 4
  -1  297     14.236      2.714      7.378 4
  -1   -2    -29.839    -14.304     12.824 4
  -1   -2     17.869    -26.094     -7.727 4
  -1   -2     38.637      7.141     14.892 4
  -1   -2    -32.934      1.243     11.698 4
  -1   -2     -6.163     12.402      8.400 4
  -1  810     22.734    -32.219      5.875 4
  -1   -2     39.404     -4.281     11.286 4
  -1   -2     -1.682     22.409    -12.702 4
  -1   -2    -53.529      7.986     13.416 4
  -1   -2     18.276    -30.657     11.733 4
  -1  369    -13.632    -16.065      9.425 4
  -1   -2    -20.973    -14.937     -4.128 4
  -1   -2    -46.397     47.268     10.150 4
  -1   -2    -11.586    -30.166    -10.327 4
  -1   -2     15.362    -31.507      4.735 4
  -1   -2    -42.722     49.419    -18.904 4
  -1   -2    -17.544    -14.142     15.300 4
  -1   -2    -27.032      5.743      3.139 4
  -1   -2     -5.427    -31.844     -2.648 4
  -1   -2      6.535     -5.446     10.743 4
  -1   -2    -11.806     46.806    -49.001 4
  -1   -2     -7.805    -20.929      2.560 4
  -1   -2     25.868    -13.619     12.803 4
  -1   -2    -15.469     13.808    -19.772 4
  -1   -2      6.281     38.223      3.099 4
  -1   -2    -24.043      5.038     11.006 4
  -1   -2    -21.927     38.436      9.370 4
  -1   -2     22.933     -9.163    -12.329 4
  -1   -2     11.830     32.057    -20.562 4
  -1   -2     30.589    -32.718    -12.259 4
  -1  273    -59.018     24.136      8.023 4
  -1   -2    -49.954     -0.042      3.750 4
  -1   -2    -19.661     24.138    -24.044 4
  -1   -2     13.675    -30.427    -21.153 4
  -1   -2     10.275     16.514     10.874 4
  -1   -2    -48.298      9.971      3.944 4
  -1   -2     -9.001    -13.401     21.097 4
  -1   -2    -17.561     -8.983     -8.397 4
  -1   -2    -17.884    -26.219      0.940 4
  -1   -2     17.301     40.538     16.211 4
  -1   -2    -49.794    -30.322    -18.348 4
  -1  156     26.232     20.300      8.319 4
  -1   -2     39.302     21.102     12.167 4
  -1  278    -17.285    -17.205     11.576 4
  -1   -2     19.172     36.954     -9.984 4
  -1   -2     36.048    -24.859      5.061 4
  -1   -2      6.769     11.548    -12.843 4
  -1   -2     38.940     -1.090     11.167 4
  -1   -2     28.654     36.028     -4.356 4
  -1   -2      8.714     20.828     16.593 4
  -1   -2     39.934     39.570     10.280 4
  -1   -2    -22.784    -25.713    -16.070 4
  -1   -2    -46.792     27.959     11.607 4
  -1   -2     13.052    -10.729     13.000 4
  -1   -2    -49.644      3.774     -2.439 4
  -1  190     22.457     15.716     15.197 4
  -1   -2     44.379     47.762      7.536 4
  -1  394    -16.419     -0.547      1.304 4
  -1   -2    -52.871    -27.379    -20.637 4
  -1   -2     13.586      5.069      8.461 4
  -1   -2    -43.595    -30.288    -10.986 4
  -1   -2    -27.271     -3.404     -4.128 4
  -1   -2    -52.566     48.937    -21.399 4
  -1   -2     12.191    -27.806     15.340 4
  -1   -2    -30.139      2.392      7.553 4
  -1   -2    -17.604     43.499     11.114 4
  -1   -2     21.074    -12.140      4.150 4
  -1   -2     38.227     19.638     15.137 4
  -1   -2    -48.760     -6.971      2.804 4
  -1   -2    -34.213     28.965    -14.832 4
  -1   -2      1.385     -5.178      7.044 4
  -1   -2    -47.774     -7.501    -21.729 4
  -1   -2    -56.366    -14.222    -17.592 4
  -1   -2     49.418     23.426     -3.107 4
  -1   -2    -10.156    -15.554     -0.638 4
  -1   -2    -16.142     -8.984      9.208 4
  -1   -2     36.428     38.461      1.817 4
  -1  377     33.927    -33.207     -0.639 4
  -1   -2     15.845      9.943     -1.414 4
  -1  222    -30.322    -21.636      6.235 4
  -1   -2    -36.200    -21.471    -10.198 4
  -1   -2     11.898      1.490      6.254 4
  -1   -2    -48.181     43.557     10.412 4
  -1   -2    -33.210     28.026     -8.332 4
  -1   -2    -62.665     39.380     12.724 4
  -1   -2    -14.835     35.943     -9.901 4
  -1   -2     24.305     14.243     12.577 4
  -1   -2    -28.771     -7.153    -10.869 4
  -1  471     19.167    -29.979     23.542 4
  -1   -2    -63.060    -10.396     12.404 4
  -1   -2     27.278     -3.050    -13.489 4
  -1   -2    -40.860     34.358      6.335 4
  -1   -2    -26.747     -9.538    -18.045 4
  -1   -2    -17.426     19.235     10.655 4
  -1   -2     50.664    -14.648      8.794 4
  -1   -2      1.593    -27.244     12.428 4
  -1   -2    -34.454     -4.425    -19.472 4
  -1   -2    -57.361      3.808     -4.568 4
  -1   -2     -8.403     27.819     14.378 4
  -1   -2     20.548     -3.015    -18.152 4
  -1   -2    -53.172      1.394     10.606 4
  -1   -2     19.137      4.758     21.751 4
  -1   -2      7.926     39.660      8.654 4
  -1   -2     51.712      4.553     -5.112 4
  -1   -2      0.686     30.133     14.922 4
  -1   -2     39.307     36.069      1.315 4
  -1   -2      6.586    -20.164     16.966 4
  -1   -2      5.094     33.547      5.220 4
  -1   -2    -52.980     10.527    -20.892 4
  -1   -2    -28.390    -21.489      8.613 4
  -1   -2     27.485     36.184    -10.197 4
  -1   -2    -58.156     -7.848    -12.947 4
  -1   -2    -22.351     10.435      7.098 4
  -1   -2     10.631    -24.843      8.003 4
  -1   -2     47.985     12.998    -12.736 4
  -1   -2    -55.895     18.194     21.456 4
  -1   -2    -27.962     19.137    -21.481 4
  -1   -2     28.199     47.422    -12.981 4
  -1   -2    -55.325     37.399    -12.931 4
  -1   -2    -28.598    -21.962    -19.405 4
  -1   -2    -22.708     31.429      1.648 4
  -1  257    -20.476      4.957     13.392 4
  -1   -2     -8.130     -7.861      9.709 4
  -1   -2    -11.338    -24.161     -2.962 4
  -1   -2     15.500     15.342     -2.244 4
  -1   -2     10.309    -29.910    -19.925 4
  -1   -2    -45.676    -24.677     11.792 4
  -1   -2     36.667     -8.485     -2.106 4
  -1   -2     11.078     -0.961     11.732 4
  -1   -2     47.948      6.147    -10.044 4
  -1   -2    -14.082      5.885     10.406 4
  -1   -2     -1.365    -26.343      3.818 4
  -1   -2    -27.143     -6.275     14.384 4
  -1   -2     48.866     31.714     -8.683 4
  -1   -2      5.084     41.270     -6.765 4
  -1   -2     19.497    -13.702      0.213 4
  -1   -2     31.734     51.648     -5.056 4
  -1   -2     18.494    -20.406     18.746 4
  -1   -2     -6.493     -4.382     14.551 4
  -1   -2     32.192     33.368     20.943 4
  -1   -2     37.501     28.308     -5.436 4
  -1   -2      9.645     -4.379     12.109 4
  -1   -2    -17.115    -16.389     -5.437 4
  -1   -2     25.618     21.134    -21.613 4
  -1   -2     32.016     -8.896     17.632 4
  -1   -2     22.862    -30.397      7.082 4
  -1   -2     10.643    -31.372    -20.921 4
  -1   -2    -52.020     26.913    -12.066 4
  -1   -2    -19.822    -13.009      6.804 4
  -1   -2     15.286      1.424     17.309 4
  -1   -2      2.661     41.237     16.449 4
  -1   -2    -55.989     16.230      3.973 4
  -1   -2    -55.840     17.233     -8.363 4
  -1   -2     16.136     49.518    -16.997 4
  -1   -2    -20.464     35.861      1.583 4
  -1   -2     18.512     30.784     12.724 4
  -1   -2      6.051     51.929      2.272 4
  -1   -2    -39.592    -33.113     14.654 4
  -1   -2    -14.226     49.120      8.619 4
  -1   -2    -44.978     27.252     10.924 4
  -1   -2    -49.239    -17.115      3.641 4
  -1   -2    -17.742     -1.731     10.303 4
  -1   -2    -24.264      5.429      7.602 4
  -1   -2      6.181     23.951     -5.404 4
  -1   -2     -9.173     -9.992    -12.969 4
  -1   -2     17.086     33.634     -1.353 4
  -1   -2     17.123     25.728     11.852 4
  -1   -2    -43.943    -18.811    -23.119 4
  -1   -2     30.132     28.652    -13.807 4
  -1   -2    -52.622     40.860    -15.312 4
  -1   -2    -50.246     -8.858      9.597 4
  -1   -2     40.213     12.148    -17.931 4
  -1   -2      9.817     22.303      8.943 4
  -1   -2    -52.187     51.249    -16.984 4
  -1   -2    -27.233     18.263      3.096 4
  -1   -2     -6.717     -6.684      8.625 4
  -1   -2     27.582    -31.536     10.454 4
  -1   -2     -7.232    -20.173      2.734 4
  -1   -2      1.682      0.004     10.479 4
  -1   -2    -27.307     43.207     17.037 4
  -1   -2      1.811     -8.676     10.359 4
  -1   -2    -18.267    -11.692    -15.509 4
  -1   -2      9.818    -14.185      6.842 4
  -1   -2    -28.302    -13.117     17.535 4
  -1   -2    -16.950     32.146     13.815 4
  -1   -2     32.749     34.951      7.753 4
  -1   -2    -51.938     13.924     -5.196 4
  -1   -2     40.732     13.878    -18.375 4
  -1   -2    -51.732    -28.812    -16.861 4
  -1   -2    -16.029     16.607     -0.034 4
  -1  138    -29.403    -14.487      5.538 4
  -1   -2    -53.189    -23.050     13.556 4
  -1   -2     50.067     30.367      3.516 4
  -1   -2     30.229    -29.706     -0.110 4
  -1   -2    -58.371      1.999     -2.489 4
  -1   -2     25.120    -17.876    -18.627 4
  -1   -2    -61.844     32.675     10.134 4
  -1   -2    -13.189     26.154      6.774 4
  -1   -2     13.806     -7.692    -19.164 4
  -1   -2     -1.873     -4.423     17.569 4
  -1   -2    -23.140     -1.066    -15.996 4
  -1   -2    -18.398      5.542     10.419 4
  -1   -2    -20.981    -26.861     -3.853 4
  -1   -2     21.202    -17.742      6.817 4
  -1   -2     -6.349     22.140      4.936 4
  -1   -2    -47.326      7.705    -14.970 4
  -1   -2    -53.323      5.237     15.642 4
  -1   -2    -50.905     31.000    -11.548 4
  -1   -2    -50.643     47.003     -6.584 4
  -1   -2     50.138     -8.022     -6.638 4
  -1   -2     20.946     -6.339     16.322 4
  -1   -2     10.342      4.770     -1.071 4
  -1  152      7.336    -29.732    -11.005 4
  -1   -2    -10.355     35.370      1.022 4
  -1   -2     -8.724    -27.926     19.655 4
  -1   -2     16.667     46.837     -6.658 4
  -1   -2    -23.128     11.619     14.017 4
  -1   -2     35.689     49.413      6.329 4
  -1   -2     25.513      0.801     15.663 4
  -1   -2     18.286     -1.678     17.292 4
  -1   -2    -27.354     13.718     15.795 4
  -1   -2      1.666     24.008     12.492 4
  -1   -2    -12.778     -9.174     -4.280 4
  -1   -2    -17.139      1.377    -14.127 4
  -1   -2     -3.473     -1.737    -14.077 4
  -1   -2      0.844     19.339    -11.687 4
  -1   -2     45.259     30.669     -0.072 4
  -1   -2      6.294     26.510    -19.968 4
  -1   -2    -21.241      1.581    -23.641 4
  -1   -2     19.808     -5.452     -7.081 4
  -1   -2      5.792     12.926     12.061 4
  -1   -2     23.531     45.223     18.721 4
  -1   -2     17.116    -22.362     15.084 4
  -1   -2      2.742     -6.607     12.108 4
  -1   -2     10.793    -30.053      7.376 4
  -1   -2      5.419     17.577     -1.315 4
  -1   -2     12.092      0.457    -15.865 4
  -1   -2     18.672    -29.486     -1.983 4
  -1   -2     -9.960     11.685     10.420 4
  -1   -2    -52.141    -25.416    -20.888 4
  -1   -2    -42.330    -25.842    -12.355 4
  -1   -2    -23.907    -11.218     19.056 4
  -1   -2     20.941    -28.936    -10.240 4
  -1   -2     14.168    -12.434      2.615 4
  -1   -2    -27.305    -26.193      0.559 4
  -1   -2      2.947     49.652    -20.955 4
  -1   -2     27.652    -31.221      7.214 4
  -1   -2    -61.743      5.758     20.150 4
  -1   -2     -5.911     13.692      3.671 4
  -1   -2    -14.522     -3.285      7.259 4
  -1   -2     22.441     16.951     -7.282 4
  -1   -2      9.940     30.566     -5.049 4
  -1   -2      9.872     43.263    -15.561 4
  -1   -2     15.454    -17.353     19.699 4
  -1   -2      3.252     31.167     14.785 4
  -1   -2      0.326    -12.607    -17.210 4
  -1   -2     16.080     10.393     20.374 4
  -1   -2      4.537    -14.935     21.072 4
  -1   -2      2.781     34.416     -6.413 4
  -1   -2     19.827    -26.664      9.924 4
  -1   -2      3.290     26.867     -7.293 4
  -1   -2      1.576    -15.517     18.691 4
  -1   -2     -8.758    -11.652    -14.776 4
  -1   -2     -4.797     23.030      0.768 4
  -1   -2     -0.487     21.661     18.987 4
  -1   -2    -55.542    -22.643     -7.799 4
  -1   -2      0.113     -5.268      8.952 4
  -1   -2    -49.142     -3.799     -4.433 4
  -1   -2    -18.402    -10.479     -1.002 4
  -1   -2     -5.908     -5.129    -10.297 4
  -1   -2    -33.871    -21.849     16.261 4
  -1   -2    -12.783      9.202    -12.631 4
  -1   -2     51.450      9.288      3.533 4
  -1   -2     -6.350    -31.792      4.454 4
  -1   -2    -16.358     22.564     -4.499 4
  -1   -2    -16.119     23.841    -26.326 4
  -1   -2     10.921      8.602     11.869 4
  -1   -2      2.833    -20.606      6.197 4
  -1   -2      5.474      3.942    -19.535 4
  -1   -2    -38.720    -14.452      1.684 4
  -1   -2     14.405    -25.749      3.386 4
  -1   -2     -4.548    -12.906      0.887 4
  -1   -2    -19.288     33.249     23.608 4
  -1   -2     10.994     25.493    -16.806 4
  -1   -2     20.890     51.071     11.669 4
  -1   -2    -60.546    -25.543    -16.915 4
  -1   -2     10.655     -9.466     11.644 4
  -1   -2    -19.251     30.007     -7.002 4
  -1   -2      8.526    -30.780     11.884 4
  -1   -2    -55.240     32.613     -6.401 4
  -1   -2     50.733      5.274     10.621 4
  -1   -2    -12.203     19.113      7.938 4
  -1   -2    -34.692     -6.376      9.794 4
  -1   -2     38.967     40.696      6.614 4
  -1   -2    -10.703     32.039      2.970 4
  -1   -2    -19.344     44.383    -16.447 4
  -1   -2     -4.094     12.738      1.592 4
  -1   -2    -45.038     39.118     17.498 4
  -1   -2     10.964     24.421     19.135 4
  -1   -2    -56.482      4.565    -18.210 4
  -1   -2    -14.570     -2.470    -21.974 4
  -1   -2     29.445    -13.465      1.216 4
  -1   -2     14.170    -31.104     -1.113 4
  -1   -2     22.696     25.752      9.895 4
  -1   -2     -0.562     44.218     -3.118 4
  -1   -2     21.115     15.231     17.617 4
  -1   -2    -27.601      3.634    -18.093 4
  -1   -2    -59.097    -17.817    -16.232 4
  -1   -2     -3.823     36.898    -11.989 4
  -1   -2    -18.721     44.900      9.873 4
  -1   -2    -39.148     44.793     13.413 4
  -1   -2    -40.444     -8.927     18.420 4
  -1   -2     16.252     -2.565    -10.201 4
  -1   -2     50.769     15.722      1.914 4
  -1   -2      6.878     10.651     15.296 4
  -1   -2    -44.823    -13.520     19.678 4
  -1   -2     16.245      2.001     16.506 4
  -1   -2    -27.200      9.972    -10.328 4
  -1   -2     -4.003      0.538      4.335 4
  -1   -2    -33.598    -24.461    -17.611 4
  -1   -2     -9.393     27.179      6.942 4
  -1   -2    -33.492     16.517     18.087 4
  -1   -2    -60.990     36.722     -0.446 4
  -1   -2    -28.825     35.650      5.115 4
  -1   -2     20.729    -28.735    -17.020 4
  -1   -2      4.089    -14.497     -4.855 4
  -1   -2    -26.145    -11.640     -0.117 4
  -1   -2    -36.452    -27.248     12.259 4
  -1   -2    -49.103     19.353      5.624 4
  -1   -2    -34.813     27.075    -18.303 4
  -1   -2     38.919    -17.204     15.512 4
  -1   -2     43.079     -7.065      5.354 4
  -1   -2    -32.617    -29.029      6.735 4
  -1   -2    -48.814     17.963      7.281 4
  -1   -2     49.286     38.888    -10.912 4
  -1   -2    -49.312     25.630      3.846 4
  -1  608     40.168     53.738    -13.471 4
  -1   -2     12.521    -22.596    -22.004 4
  -1   -2    -52.945     19.857    -24.183 4
  -1  606    -49.302     22.121      2.261 4
  -1   -2     37.950    -21.498      4.195 4
  -1   -2    -49.143     20.549      5.612 4
  -1   -2     26.745    -20.136    -19.888 4
  -1  712     20.028    -19.871      9.003 4
  -1   -2    -51.829     18.548    -14.795 4
  -1   -2     20.409    -31.449     12.112 4
  -1  634     48.896     43.218      6.762 4
  -1   -2    -52.087     22.802    -11.879 4
  -1   -2    -49.442     24.292      1.930 4
  -1   -2     28.529     38.683     -9.902 4
  -1   -2     29.722    -13.942    -15.560 4
  -1   -2     22.539    -34.076    -11.233 4
  -1   -2    -44.474     54.104     -0.401 4
  -1   -2     24.443    -31.561     -4.571 4
  -1   -2      1.975    -30.139    -12.269 4
  -1   -2     35.687     -3.944     11.243 4
  -1   -2     23.818     26.498     -6.946 4
  -1  653    -59.908     -5.486     11.241 4
  -1   -2     30.758     10.678    -14.921 4
  -1   96     -3.733      2.858      9.977 4
  -1   -2    -25.667     50.130      3.523 4
  -1  645    -59.065     -5.588      9.376 4
  -1  628     43.753     27.948     -1.593 4
  -1   -2    -50.917     43.882    -11.420 4
  -1   -2    -53.232    -11.921    -17.938 4
  -1   -2     52.111     44.313    -10.319 4
  -1   -2    -24.025     23.965    -28.489 4
  -1   -2    -21.608     46.926     13.356 4
  -1   -2     53.556     19.099      1.002 4
  -1  661     53.925     38.539      9.446 4
  -1   -2      1.664     48.309      6.962 4
  -1   -2    -38.500     11.368      0.801 4
  -1   -2     46.781     27.517      6.281 4
  -1   -2     -4.887     -3.270      6.861 4
  -1   -2    -14.156     -8.208    -16.525 4
  -1   -2      1.927    -32.986     10.412 4
  -1   -2     33.723     -4.314     -0.585 4
  -1   -2    -24.491    -15.628    -20.523 4
  -1   -2     25.522    -32.946      6.031 4
  -1   -2    -49.452     20.936      1.780 4
  -1   -2    -48.297     24.723      5.511 4
  -1   -2    -62.773     18.983     10.828 4
  -1   -2     54.396     49.611     15.881 4
  -1   -2    -24.024     23.076      7.121 4
  -1   -2     23.377     28.137      4.812 4
  -1   -2    -12.413     50.064     11.726 4
  -1   -2     33.898     53.180     -4.389 4
  -1   -2     50.766      7.461      7.642 4
  -1   -2     28.224      1.276      6.792 4
  -1   -2    -62.367    -10.823    -21.024 4
  -1   -2    -33.316    -13.372      8.602 4
  -1   -2     -3.880     48.784      3.867 4
  -1   -2     25.750      6.243     19.213 4
  -1   -2    -26.873     50.144     -1.674 4
  -1   -2    -37.737     37.436     -8.196 4
  -1   -2     21.915    -29.527     23.218 4
  -1   -2    -10.411    -16.850      9.301 4
  -1   -2     22.932    -30.328    -14.103 4
  -1   -2    -53.122     29.682    -20.396 4
  -1   -2     36.671      2.376    -17.813 4
  -1   -2    -47.090     42.630     13.112 4
  -1   -2     37.869     -8.285      9.755 4
  -1   -2      7.955    -15.862     23.608 4
  -1   -2    -36.082      5.664     -7.690 4
  -1   -2    -55.568     34.566     -8.016 4
  -1   -2    -49.485    -14.588      3.516 4
  -1   -2      5.009     11.229    -22.702 4
  -1   -2     20.907     17.525     12.368 4
  -1   -2     39.023     23.236     -3.737 4
  -1   -2     13.139     13.050      4.325 4
  -1   -2     39.516     51.269     -9.942 4
  -1   -2    -62.116     13.402    -19.218 4
  -1   -2    -31.752     39.758    -26.360 4
  -1   -2     38.399     -3.420      8.050 4
  -1   -2    -47.394    -31.531     -4.207 4
  -1   -2    -58.531      1.673     16.117 4
  -1   -2     27.738     46.166      0.663 4
  -1   -2    -18.738     20.152    -17.059 4
  -1  677     57.263     11.788     13.340 4
  -1   -2    -23.412      1.343      8.746 4
  -1   -2     23.572    -10.518     11.641 4
  -1   -2     49.394     42.599      7.087 4
  -1   -2     18.378    -30.177     25.584 4
  -1   -2     29.652     42.612    -10.314 4
  -1   -2     55.047     -5.325      6.380 4
  -1   -2     40.935      2.050    -23.686 4
  -1   -2     21.253    -10.384     18.145 4
  -1   -2    -20.038     -8.339      9.068 4
  -1   -2    -49.023     14.919      8.862 4
  -1   -2     28.550     22.838     -7.808 4
  -1   -2    -24.019     -7.069     21.132 4
  -1   -2     36.253    -33.178    -14.816 4
  -1   -2     42.949    -31.886     -0.162 4
  -1   -2    -29.881    -27.924      1.495 4
  -1   -2     29.581      8.075      9.182 4
  -1   -2    -46.007     18.870     16.983 4
  -1   -2     29.452      4.986      3.625 4
  -1   -2     54.619     -7.489      6.759 4
  -1   -2     38.304     13.712     15.418 4
  -1   -2    -49.113     36.900     22.871 4
  -1   -2     31.252    -24.714     -5.998 4
  -1   -2     13.610    -15.292      8.776 4
  -1   -2    -19.463     -1.224      9.316 4
  -1   -2     15.950     26.142     -2.821 4
  -1   -2    -16.684     -7.386     24.154 4
  -1   -2    -52.596     20.848    -19.020 4
  -1   -2    -53.036     24.859    -21.625 4
  -1   -2    -35.046     49.305    -24.794 4
  -1   -2     30.947     36.757     -0.625 4
  -1   -2     18.420    -30.222    -19.561 4
  -1   -2     41.875    -23.714     -4.600 4
  -1   -2    -38.472     -1.968     24.438 4
  -1   -2    -56.784      9.275     21.653 4
  -1   -2    -40.566      0.651     12.450 4
  -1   -2    -52.385     18.816    -17.488 4
  -1   -2    -43.087     29.747     -7.284 4
  -1   -2    -53.024    -18.401    -19.780 4
  -1   -2     -7.536     36.336      5.189 4
  -1   -2     39.369     -3.176     14.003 4
  -1   -2    -51.829     26.979    -15.993 4
  -1   -2     41.446     21.227    -10.419 4
  -1   -2    -47.134     -4.632     11.929 4
  -1   -2    -56.184     22.097     -1.215 4
  -1   -2    -10.584    -25.508     24.288 4
  -1   -2    -14.892    -28.749     19.769 4
  -1   -2     16.669     21.964    -13.664 4
  -1   -2    -38.856     12.863      6.284 4
  -1   -2     21.106    -10.135      7.875 4
  -1   -2    -54.907     -4.637     10.459 4
  -1   -2    -35.964     35.229     -6.737 4
  -1   -2     51.018    -33.776     21.413 4
  -1   -2     35.738     -1.805     16.454 4
  -1   -2     22.281    -32.472     -5.793 4
  -1   -2     33.559    -33.212     23.950 4
  -1   -2     55.815     48.096      8.327 4
  -1   -2    -49.903     28.348     -0.024 4
  -1   -2    -52.247    -34.395    -15.939 4
  -1  419    -53.765     50.560    -19.186 4
  -1   -2     -1.637    -30.516    -23.925 4
  -1   -2    -50.126     32.983     -1.626 4
  -1  365    -16.184      3.725      0.922 4
  -1   -2    -52.950    -21.558    -19.671 4
  -1   -2    -35.252     22.766     15.161 4
  -1   -2    -60.538     46.797    -12.354 4
  -1   -2     56.017     21.172     14.025 4
  -1   -2     19.444    -31.397     17.159 4
  -1   -2     27.409      5.762    -13.242 4
  -1   -2    -53.052     20.650    -25.518 4
  -1   -2    -40.635    -30.571     23.220 4
  -1   -2     38.290     31.872     12.599 4
  -1   -2    -59.762     12.708    -11.354 4
  -1   -2     36.939     -3.668    -18.585 4
  -1   -2    -34.241     -1.802     12.271 4
  -1  751     51.249      2.768     12.625 4
  -1   -2    -54.325     45.063     -5.510 4
  -1   -2    -32.873     47.808     -1.149 4
  -1   -2     29.252     24.924    -20.124 4
  -1   -2    -60.217     -0.289    -19.134 4
  -1   -2    -15.645     14.699     23.218 4
  -1   -2    -11.741    -20.766     22.741 4
  -1   -2    -14.202     11.322     20.709 4
  -1   -2    -56.229     33.700    -21.271 4
  -1   -2    -37.707      4.006      5.139 4
  -1   -2     35.916     45.483    -10.552 4
  -1   -2    -55.068      7.881    -18.029 4
  -1   -2     29.124     48.161     -9.916 4
  -1   -2     35.514     53.794     -4.842 4
  -1   -2     39.185     17.826     -1.815 4
  -1   -2      2.424     11.171     14.901 4
  -1   -2     34.974     22.810      9.131 4
  -1   -2     28.750     -5.410     -2.113 4
  -1   -2     44.930     12.646     14.465 4
  -1   -2     29.670     12.151    -24.795 4
  -1   -2    -39.970     41.796     22.197 4
  -1   -2     34.981     25.924     10.329 4
  -1   -2    -27.654     15.097     -3.914 4
  -1   -2     -4.433    -20.344     -1.724 4
  -1   -2     19.510     34.568      3.277 4
  -1   -2    -50.047    -15.177     -3.029 4
  -1   -2     50.808     48.909     -1.970 4
  -1   -2     -6.774     32.976     27.051 4
  -1   -2     40.584      1.600     -9.184 4
  -1   -2    -29.426     17.751     10.557 4
  -1   -2      1.106     35.931     21.478 4
  -1   -2     13.370     40.605     23.113 4
  -1   -2    -28.039     51.587     -3.851 4
  -1   -2     29.118    -33.415     -7.291 4
  -1   -2    -23.723     16.805      1.272 4
  -1   -2    -35.222     38.468    -10.225 4
  -1   -2     51.074     20.156     -0.245 4
  -1   -2    -63.327     32.519     15.077 4
  -1   -2     -9.868      1.964      1.052 4
  -1   -2    -54.160     42.786      1.321 4
  -1   -2     19.818    -32.204      2.547 4
  -1   -2     37.217    -19.561      7.459 4
  -1   -2    -61.938    -26.640      7.615 4
  -1   -2    -34.089    -20.056     -5.078 4
  -1   -2    -63.904     30.017     -3.887 4
  -1   -2     27.161     18.546    -12.476 4
  -1   -2     34.487     17.326     10.602 4
  -1   -2    -60.554     -5.313    -14.975 4
  -1   -2    -26.508     22.897     11.867 4
  -1   -2    -36.177     34.149     -7.525 4
  -1   -2    -17.111     41.098      2.647 4
  -1   -2    -37.110     38.921     -0.650 4
  -1   -2    -10.158     13.016    -12.358 4
  -1   -2    -35.476      8.386     10.741 4
  -1   -2     39.970     19.935      5.721 4
  -1   -2      3.144      6.472     -6.776 4
  -1   -2    -45.513      1.211     20.622 4
  -1   -2    -21.858     -7.591     -0.052 4
  -1   -2     45.415     -1.687     13.733 4
  -1   -2     12.372      1.687     20.375 4
  -1   -2    -60.056      7.440     -1.423 4
  -1   -2    -11.465    -31.175     14.967 4
  -1   -2    -52.245    -13.751    -11.598 4
  -1   -2    -28.938     -5.175      5.364 4
  -1   -2    -25.864     -8.843     -1.767 4
  -1   -2     22.621    -31.221      7.295 4
  -1   -2     13.699     51.261     13.317 4
  -1   -2     25.568     19.666    -25.208 4
  -1   -2    -45.001    -15.504     12.475 4
  -1   -2    -27.027    -22.690     23.926 4
  -1   -2    -55.279    -11.705      8.624 4
  -1   -2     20.198     -6.817     -0.456 4
  -1   -2     37.052     37.198      8.730 4
  -1   -2     39.385     29.125     20.347 4
  -1   -2    -52.914    -27.474     15.819 4
  -1   -2    -36.319    -24.833    -20.884 4
  -1  800    -41.084    -19.890     16.754 4
  -1   -2    -13.754    -19.196    -20.857 4
  -1   -2    -58.045     -2.130    -14.217 4
  -1   -2      1.293     -4.510    -14.018 4
  -1   -2     -0.944    -21.631      0.347 4
  -1   -2     17.426     32.500     -2.005 4
  -1   -2     40.192     33.788      8.654 4
  -1   -2     54.594     27.973      6.633 4
  -1   -2    -50.651      7.876    -24.379 4
  -1   -2     16.550     -8.011     10.888 4
  -1   -2      1.770     -2.817     -8.425 4
  -1   -2    -26.128     -4.142      5.916 4
  -1   -2     30.614    -33.696     22.261 4
  -1   -2    -53.005    -19.986     15.667 4
  -1   -2    -61.744     51.053     12.795 4
  -1   -2    -48.965     -1.299      9.995 4
  -1   -2    -12.014      3.473    -15.876 4
  -1   -2    -36.720     41.521     -2.208 4
  -1   -2    -34.205     14.888    -16.874 4
  -1   -2     -7.732     13.855    -28.109 4
  -1   -2    -16.231      8.081      7.546 4
  -1   -2    -62.003      8.182      1.473 4
  -1   -2     47.778     22.058    -15.144 4
  -1   -2     29.637     29.876     10.687 4
  -1   -2    -19.898     11.193     18.063 4
  -1   -2    -41.818    -33.182      1.018 4
  -1   -2    -14.168    -27.863     20.161 4
  -1  187    -17.396    -14.015     10.880 4
  -1   -2     -1.637    -16.906     21.980 4
  -1   -2    -36.543     24.651     -7.427 4
  -1   -2    -49.731     26.739     -4.654 4
  -1  811    -49.948     26.249      2.140 4
  -1   -2     35.705    -30.466    -16.295 4
  -1   -2     56.866     16.435     16.216 4
  -1   -2     24.197    -31.653     -1.113 4
  -1   -2     -6.252     21.685    -27.605 4
  -1   -2      7.902    -24.035     -0.691 4
  -1   -2    -14.237     38.669      7.270 4
  -1   -2    -61.494     -9.863     14.443 4
  -1   -2     22.484     23.221     -4.877 4
  -1   -2    -50.019      5.822     14.101 4
  -1   -2     -1.606     24.619    -25.488 4
  -1   -2     14.374     52.579     -7.379 4
  -1   -2     24.717     32.065    -21.040 4
  -1   -2    -21.945    -27.519      6.519 4
  -1   -2     21.845     -7.812    -18.233 4
  -1   -2    -34.791    -19.800    -20.450 4
  -1   -2    -43.424     19.755    -14.083 4
  -1   -2     50.438    -23.892     18.907 4
  -1   -2    -24.055     18.027     15.142 4
  -1   -2      2.034    -17.155     22.160 4
  -1   -2    -13.041     -4.727      5.095 4
  -1  715    -50.217     40.361     -0.438 4
  -1  334     26.733     -4.523    -16.839 4
  -1   -2     57.469     19.778     14.141 4
  -1   -2    -63.298      2.987     -4.221 4
  -1   -2     -3.673     45.931     32.770 4
  -1   -2    -57.260     20.616      3.596 4
  -1   -2    -42.000    -24.890     14.572 4
  -1   -2     -2.303     27.998      6.273 4
  -1   -2     26.047    -25.364     12.026 4
  -1   -2    -20.892     36.864     24.882 4
  -1   -2     25.709    -10.830    -20.765 4
  -1   -2    -61.840    -18.876    -21.144 4
  -1   -2    -52.425    -32.923      8.267 4
  -1   -2     -8.741     47.034    -38.191 4
  -1   -2    -12.259    -24.290     19.761 4
  -1   -2    -48.751     16.333     15.591 4
  -1   -2     22.277    -15.356     17.341 4
  -1   -2    -63.009    -13.178      3.407 4
  -1   -2     39.307     16.477      3.129 4
  -1   -2     34.710     52.026     -0.516 4
  -1   -2    -35.224      6.943     23.938 4
  -1   -2     22.552     53.297     -8.333 4
  -1   -2      9.093      7.585     15.657 4
  -1   -2    -47.388    -32.361     21.288 4
  -1   -2     31.148     49.316    -16.371 4
  -1   -2     -5.639    -23.416     24.496 4
  -1   -2     27.272     14.791     -5.403 4
  -1   -2    -20.320     13.739     12.016 4
  -1   -2    -52.206     49.679     -0.866 4
  -1   -2      3.514      8.030     15.461 4
  -1   -2    -50.302     22.117     -3.033 4
  -1   -2     29.713    -21.752    -11.859 4
  -1   -2    -11.349     51.454     -6.823 4
  -1   -2     12.803     46.617      4.344 4
  -1   -2    -41.131    -31.749     19.972 4
  -1   -2     56.883     14.664      9.152 4
  -1   -2     12.843     38.056     21.176 4
  -1   -2    -37.875     19.249      3.356 4
  -1   -2     33.803     -1.298     14.862 4
  -1   -2    -36.179     11.301     -0.937 4
  -1   -2      9.177     35.967     -8.855 4
  -1   -2      9.331    -30.605    -19.524 4
  -1   -2    -38.057     37.454    -11.241 4
  -1   -2    -46.418     52.817     24.427 4
  -1   -2    -28.853      4.295     13.456 4
  -1   -2     17.511    -12.542      5.947 4
  -1   -2    -22.578     11.259     19.730 4
  -1   -2    -21.891     -4.254     -1.239 4
  -1   -2    -58.979     43.860    -12.472 4
  -1   -2    -41.678     48.709      8.287 4
  -1  395    -56.308    -28.571     -0.243 4
  -1   -2     21.241      3.316      4.183 4
  -1   -2     33.023    -21.512    -22.590 4
  -1   -2      7.473    -21.760     15.647 4
  -1   -2     34.636     -3.015     11.415 4
  -1   -2    -61.726    -13.586     13.752 4
  -1   -2     22.975     -1.908    -17.245 4
  -1   -2      6.835    -14.279      8.028 4
  -1   -2    -61.590     22.783     10.312 4
  -1   -2     11.933     15.655    -18.514 4
  -1   -2    -47.167     20.985     12.766 4
  -1   -2    -49.246     38.762     18.140 4
  -1   -2     29.159     -7.256    -12.178 4
  -1   -2     36.710     55.420     15.959 4
  -1   -2    -57.669    -15.318    -19.971 4
  -1   -2    -29.364     -2.976     15.157 4
  -1   -2     25.068     -8.143     20.597 4
  -1   -2     11.736     -0.735      7.691 4
  -1   -2     25.420    -31.804      7.846 4
  -1   -2     -7.377      1.775      5.341 4
  -1   -2    -49.839    -22.097     17.456 4
  -1   -2     54.444     13.616     16.913 4
  -1   -2    -24.576    -24.247     -8.405 4
  -1   -2      4.021     21.826      2.346 4
  -1  958    -56.168     39.225      1.805 4
  -1   -2    -22.238    -10.110      5.712 4
  -1   -2    -59.300     -7.583    -11.591 4
  -1   -2     19.951    -15.344     22.836 4
  -1   -2     52.175     -9.697     -7.431 4
  -1   -2    -47.226    -25.667     19.554 4
  -1   -2     41.989     17.031      4.617 4
  -1   -2     24.146     -0.518    -15.839 4
  -1   -2    -34.515     30.594      0.659 4
  -1   -2     52.509     26.098     -7.379 4
  -1   -2    -32.518    -28.354      5.985 4
  -1   -2    -26.227     37.762     10.298 4
  -1   -2     16.444     11.590     -5.413 4
  -1   -2     -1.024     43.991     13.852 4
  -1   -2     38.328    -26.439    -22.621 4
  -1   -2    -25.027     40.171      5.863 4
  -1   -2      0.854    -18.126      6.352 4
  -1   -2     37.049      0.030      4.245 4
  -1   -2    -63.533      2.631    -20.969 4
  -1   -2     -8.696     -8.370      0.522 4
  -1   -2    -21.331     -7.923      8.637 4
  -1   -2    -49.265     10.572     16.540 4
  -1   -2      7.833    -24.960     11.571 4
  -1   -2    -49.579    -20.051    -24.853 4
  -1   -2     30.071    -26.416      9.792 4
  -1   -2    -11.584     30.654    -11.118 4
  -1   -2     -8.656     15.980      4.256 4
  -1   -2    -27.141     -2.150     17.186 4
  -1   -2     49.643     27.461     -0.565 4
  -1   -2    -19.506     -7.605     24.130 4
  -1   -2      5.062    -22.388     -0.951 4
  -1   -2     -5.455     18.160     -8.649 4
  -1   -2    -31.429    -26.702    -21.818 4
  -1   -2    -60.499     14.443     21.758 4
  -1   -2      5.255    -29.124    -18.502 4
  -1   -2    -52.497    -11.064    -15.764 4
  -1   -2    -58.538    -23.990     14.324 4
  -1   -2    -12.775     -0.196     24.934 4
  -1   -2     14.957      8.100     -8.697 4
  -1   -2     -5.238     42.254     -1.060 4
  -1   -2     24.776     33.815     -4.796 4
  -1   -2     -2.759     -7.766    -17.201 4
  -1   -2     -8.445     -5.566    -22.482 4
  -1   -2     20.154    -30.673      4.681 4
  -1   -2    -16.251    -27.914     23.615 4
  -1   -2     -7.562     38.146     -7.305 4
  -1   -2     29.334     52.125     -5.980 4
  -1   -2    -49.327     17.844     21.844 4
  -1   -2    -59.546    -16.816      6.670 4
  -1   -2    -47.781     53.054     16.388 4
  -1   -2     10.198     49.160      4.638 4
  -1   -2    -34.078      9.137      1.541 4
  -1   -2     33.021    -24.700     23.913 4
  -1   -2     -6.254     49.447    -30.407 4
  -1   -2     52.709     18.487      0.157 4
  -1   -2      1.772     17.826     -8.879 4
  -1   -2    -12.162     32.986     -8.377 4
  -1   -2     -2.215      3.794    -11.754 4
  -1   -2     40.689     51.820     -1.554 4
  -1   -2    -58.824     52.195     -1.748 4
  -1   -2     26.158    -17.787     13.507 4
  -1   -2      4.705      6.386     20.955 4
  -1   -2    -32.993      0.376     -8.654 4
  -1   -2    -61.551      7.490     -5.365 4
  -1   -2    -59.580    -16.641    -15.277 4
  -1   -2      1.474      8.366    -16.735 4
  -1   -2     18.145     -6.647     -2.650 4
  -1   -2     20.254     11.258     11.444 4
  -1   -2    -15.225    -24.129     -1.716 4
  -1   -2    -49.447     -2.090     16.855 4
  -1   -2    -13.483    -12.254     20.063 4
  -1   81    -21.568    -21.037     14.142 4
  -1   -2    -39.400    -16.307      5.112 4
  -1   -2     47.940    -13.029    -24.392 4
  -1   -2     50.505      7.190     -4.913 4
  -1   -2    -12.565      3.053      6.619 4
  -1   -2    -29.928     38.039    -10.140 4
  -1   -2    -18.532     22.753    -21.267 4
  -1   -2    -58.881     -0.603    -13.135 4
  -1   -2    -27.826     18.327     18.804 4
  -1   -2    -57.264     29.375     13.800 4
  -1   -2    -56.505     31.314     -7.022 4
  -1   -2     -2.312    -18.529    -15.058 4
  -1   -2     49.720    -17.383     13.177 4
  -1   -2    -49.339    -30.126     -6.172 4
  -1   -2    -61.483     32.175     -6.263 4
  -1   -2    -20.821     43.398      0.454 4
  -1   -2    -28.646      1.265      9.448 4
  -1   -2     31.439     44.123    -18.496 4
  -1   -2    -60.341     39.230     -4.620 4
  -1   -2    -25.030     43.687     11.046 4
  -1   -2     44.346     47.180      5.420 4
  -1   -2     13.226     -9.332     12.495 4
  -1   -2    -50.024     -4.850      6.678 4
  -1   -2    -55.640    -25.230     10.306 4
  -1   -2      0.762     18.825    -28.540 4
  -1   -2     14.153    -15.324     18.224 4
  -1   -2    -19.804    -19.952    -22.098 4
  -1   -2     48.958     36.866     -2.255 4
  -1   -2     23.025    -26.166    -16.680 4
  -1   -2    -23.791      1.840    -16.049 4
  -1   -2     35.175     52.999      6.019 4
  -1   -2    -27.730     21.064    -12.429 4
  -1   -2     -5.017      4.555    -12.739 4
  -1   -2    -39.119    -12.840     13.300 4
  -1   -2    -46.219    -22.254      4.268 4
  -1  648     36.896    -34.430     21.503 4
  -1   -2     53.659    -37.351    -14.623 4
  -1   -2    -65.667     10.217      1.854 4
  -1   -2     51.896      0.023      7.784 4
  -1   -2    -35.621    -10.646    -15.001 4
  -1   -2    -45.976     17.163     21.125 4
  -1   -2     55.771     42.952     18.446 4
  -1   -2     -0.216    -13.466      7.700 4
  -1   -2    -66.590    -23.184      3.891 4
  -1   -2     18.817    -38.164     -6.653 4
  -1   -2     50.213     -2.804      5.389 4
  -1   -2     28.357     10.277      6.269 4
  -1   -2    -57.570     13.435    -32.325 4
  -1   -2     56.464     24.361     21.494 4
  -1   -2    -17.802     55.953    -12.334 4
  -1   -2      5.275    -15.147    -30.253 4
  -1   -2    -23.912     18.489     38.569 4
  -1   -2     22.387     51.973     -4.685 4
  -1 1123    -50.020     53.747    -17.579 4
  -1   -2    -44.054    -34.567     -1.332 4
  -1   -2    -23.882     51.484    -24.916 4
  -1   -2     45.743    -16.791     11.320 4
  -1   -2      9.870     37.628     24.743 4
  -1   -2     45.171      9.646     23.241 4
