1118
   0   -2     21.975     41.471      8.886 4
  12   64     10.068     13.335      8.656 4
   3  648     21.879     31.834      6.171 4
   4   -2    -26.088      0.960     13.160 4
   5    3     38.160     23.022     17.104 4
 492  781     -4.751     33.749      1.455 4
   7    7    -13.674     43.100     -3.744 4
  22   13      8.414     43.891     10.803 4
  11    8    -11.645      1.936      3.672 4
  90   14      9.495     13.414      9.221 4
  14    6    -23.116     48.859      0.549 4
  17   79      7.375     13.494     -1.567 4
 280  369      1.482     -6.685      5.455 4
 714  334    -27.821     15.675      5.103 4
  95  522    -17.663     47.867     11.536 4
 596  333    -19.576     31.193     -4.010 4
  25   -2      1.210     21.945      9.816 4
  28   16     11.175     49.736    -11.647 4
  35   -2    -17.151    -14.663     10.739 4
  31  164    -13.639     39.112     -8.883 4
 126 1151     16.557    -32.196      2.923 4
  43   -2    -20.477     39.625     -8.644 4
  96   -2     -7.022     39.757      4.288 4
  81   15      2.146     -6.565      5.396 4
 201  139    -50.049      7.903     12.061 4
 960  875    -29.081     33.573     -0.632 4
 211   39    -10.623     10.213      6.167 4
  37  171    -13.344     47.369      5.489 4
  92   20     -2.440     22.119    -12.772 4
  32   45     17.727     38.177    -11.464 4
  -1   42    -24.895     40.021      8.637 4
 174   30     -8.447      3.303      4.666 4
 898 1172     37.194     27.512     -3.122 4
  36  567    -29.727     28.695      8.110 4
  47  297      8.911     -4.311     11.385 4
 838   18     37.046     12.461     -1.492 4
  50   -2      1.772     32.758     -4.415 4
 231   -2     19.143    -32.176      4.775 4
 178  231     14.540    -32.142      4.655 4
  -1  384     30.581     30.805      5.687 4
  40   -2      2.788     42.979      5.426 4
  34  234     13.185     22.311      6.394 4
  54  108    -14.210     26.159      8.645 4
 952  316     20.568     -4.380      7.604 4
 313  332     25.848     -3.271    -19.444 4
  -1  879    -29.194    -17.703      9.398 4
  53  894    -20.350     37.592    -14.165 4
1006  447     -6.357    -19.666      7.982 4
  55   32    -15.468     16.856      8.608 4
1105   -2    -30.599     -5.798      9.927 4
  -1  924    -15.799     23.963    -19.739 4
 712   -2    -26.743     30.491     11.501 4
 121  355     10.686     -0.516      7.868 4
 225   -2      5.125     -5.326     10.651 4
 659   -2     17.594     30.957     10.826 4
 453   -2    -15.696     -0.765     12.294 4
1052 1080    -47.694     16.526      9.000 4
 750   -2    -11.606      3.297    -14.686 4
 251   -2     -6.366     11.896      8.352 4
 159  427    -22.725    -15.921     -2.585 4
  58  265     -0.039     20.965      6.935 4
1118  899    -24.618     22.935      6.440 4
 538  224     16.290     41.289     -2.623 4
 420   -2     23.638     15.001      6.912 4
 190  501     41.406     27.055     -5.989 4
1032  870    -31.791     53.122     11.736 4
  -1   -2     16.590     11.347      9.294 4
 192  221    -61.607     39.599     11.305 4
1004   96    -34.434     52.349     10.894 4
  63  872    -20.191     40.284     10.702 4
  69   65     23.904     36.522      6.833 4
   2  146     38.632     50.190      5.311 4
   1   76    -21.749     35.114     11.492 4
   6   77      8.953     28.885     11.657 4
 777  513     -0.282    -32.227      4.980 4
 556  478     38.227     11.216      0.767 4
  -1   74     35.302     22.844     15.674 4
 966 1121     38.507     42.005      4.751 4
 355  710     -9.392    -31.624     -3.153 4
  70   87    -26.784     44.995     17.525 4
 325  311      7.401    -31.416     12.288 4
  10   70    -10.351     36.676      3.671 4
   8   73     -4.974     36.895      5.128 4
  -1   -2     42.450     12.160     -8.288 4
  73   84      7.866     33.168      8.737 4
 645  623     13.668     16.059      3.151 4
  -1   -2     28.624    -29.384     14.007 4
 908   -2     11.614    -31.351     14.639 4
  -1   -2    -36.296    -23.676     12.463 4
  -1   -2     15.200    -31.592     16.007 4
  -1  420    -48.779     18.183     14.192 4
1015   75    -45.842      7.939     -3.433 4
 457   -2     11.003     38.006      8.242 4
 187   -2     37.742     11.269     -5.594 4
 603  496    -49.657     28.034      8.821 4
  15   -2    -12.072     19.092      5.077 4
  13   80      5.918      9.834      9.534 4
  29 1148     -4.342      2.788      9.474 4
  -1  346      6.590     13.146     10.616 4
  80   81     10.455    -14.646      9.458 4
 132   -2    -16.486     26.435      8.042 4
  -1   -2     31.862     39.479    -13.338 4
 140  150    -12.846    -11.538      8.572 4
 843   -2    -31.847      2.147     14.456 4
 102   88     47.192     39.207      6.762 4
  91   -2     29.092    -14.109      4.025 4
  71   -2     33.392     22.979     13.696 4
1098   -2     38.798     10.711     12.274 4
  86   95      2.329     42.065      3.721 4
  -1  163     25.546    -32.430      1.456 4
  94   -2     17.286    -12.715      3.720 4
  -1  100      7.540     21.713      8.550 4
 156   -2      5.818     38.116      8.422 4
1063  114    -27.321     17.621      7.107 4
 338  104    -35.705     29.329      6.949 4
  78  686    -48.808     17.335     13.973 4
 173  143      7.950     35.095      6.669 4
  33   -2     27.919     37.410      5.577 4
  79  198    -16.504     -9.601      2.171 4
 117  113     12.549      1.122      5.562 4
 311  206    -16.244    -20.871      7.184 4
  -1  408    -11.073    -13.790    -18.338 4
 774   -2     -2.930    -26.483     -1.441 4
1037   -2    -48.690     40.525     -0.912 4
  -1   -2      8.554    -29.270    -16.021 4
1075    1    -28.272     -1.708     15.290 4
  -1  141     38.842      7.043     16.599 4
 142  107    -51.482      5.645    -16.075 4
 138  147    -13.536      6.536      7.887 4
 901  306      7.616    -30.382    -16.103 4
 309  624    -29.362     31.800     12.441 4
  -1   -2     35.462     28.018      7.278 4
 112  145    -14.109     20.237     -5.567 4
 114  161    -47.669     -7.787    -20.911 4
 182   -2     -5.659     -6.825     10.599 4
  -1 1058    -46.630      7.793    -17.628 4
  89  151     50.492     44.726      3.172 4
 134  118     19.432      8.827      7.259 4
 910   61     18.564     31.195      4.065 4
 440   -2     23.173    -31.823     -4.004 4
 123  101      2.270      2.885     10.305 4
  -1   -2     21.080    -20.107     20.321 4
  -1  111     23.526    -32.699     -1.335 4
 101  142     26.378      1.238     16.099 4
 331   -2     47.213     31.952      6.491 4
 188  209     13.706     18.863      6.116 4
 380  386      6.465    -24.023     -0.694 4
 152  249     24.624    -32.392      0.920 4
  -1   -2     14.390    -30.506    -18.875 4
  -1  389     27.324    -29.883    -12.660 4
  16   -2     15.906    -32.486      3.841 4
  -1   -2     18.631    -20.565     18.266 4
  -1   -2     10.212     13.093      4.555 4
 180  594     -6.830     -6.927      8.700 4
 167   98    -26.380     51.165      5.276 4
 717  958      1.812    -33.334     10.656 4
  -1  545    -49.005     15.203     16.377 4
 438  324    -35.906     38.436      1.608 4
  -1 1113    -11.698     -5.698    -20.740 4
 221  381     11.827      9.073      5.606 4
  -1   -2    -11.950     25.928     11.677 4
 330  165    -49.921     33.592      5.839 4
  -1  978     41.961     27.585      9.586 4
 378  542    -17.362     14.307     15.190 4
 514  417    -20.595    -20.480     11.458 4
 199   21     22.806    -29.870     11.158 4
 207  203      8.233     11.487     -6.368 4
  -1   55    -15.616      7.960     16.704 4
 297  536    -30.324     42.488      7.782 4
  -1   -2     16.720    -32.383      7.492 4
 176  182     12.984     12.702     10.281 4
 196  908    -29.002     -4.702     14.720 4
 316   -2    -29.198    -12.185     12.153 4
  -1  173     23.680     24.272      1.880 4
 153  135    -57.102     17.092      3.209 4
  -1   -2      3.114     17.277    -14.145 4
 191  382    -19.982     -9.486     10.544 4
  -1   -2      7.698    -10.862    -14.055 4
 940   -2     -8.406    -20.641      9.554 4
 608   -2    -51.722     21.212    -10.656 4
  -1  169     49.181     42.655     16.337 4
1092  874     13.871    -10.221      8.610 4
  -1   -2      5.412     34.342      6.470 4
  -1  242     10.039     -4.353      9.003 4
 703 1169     35.087     -8.304      7.559 4
 181  194     36.698    -34.578    -12.189 4
  -1  740    -37.392    -27.236    -14.593 4
 204  219      5.434    -16.130      6.319 4
 262  214     -4.629     -6.114     15.709 4
 523   -2    -49.358     -6.788      2.467 4
 489   67     -4.141    -31.827     -5.818 4
 612   -2     19.675    -31.757      2.392 4
  -1 1069    -60.213     30.183      3.049 4
  -1 1076    -32.824     -4.646      3.985 4
  66  256     19.048    -31.317     10.203 4
  -1  127     39.248     -7.115      8.772 4
  -1   -2     22.205    -34.401    -10.398 4
 131  183    -63.949    -14.386     -7.232 4
  -1  215    -15.630     -1.333     -3.863 4
 444 1039    -10.560     -9.676     -3.703 4
 164  314    -12.379     48.733      4.954 4
 953   -2     18.718     27.797      1.909 4
1023   91      3.085     22.983      8.244 4
  -1   26     21.044    -21.290     -4.142 4
  -1  407     53.155     37.702      0.533 4
 284   -2    -49.544     22.139      2.303 4
  -1   -2     27.081     -8.083     -8.026 4
  -1  251    -61.979     43.113     16.420 4
 254  760     -6.460      2.233     16.027 4
  84   -2     19.147     22.120      6.704 4
  -1  154     40.247     23.886    -12.358 4
  -1   -2    -12.931     -9.263     -0.709 4
 198  363    -32.681    -18.364     13.432 4
 317  248    -13.663     50.018     -2.375 4
 136  204    -11.944     20.176      6.135 4
 607  148     34.094     53.630     -2.369 4
 189  241     18.798    -17.166      7.020 4
  76  177     11.676    -31.777      8.415 4
 479 1035     18.752    -29.983    -16.800 4
 195  260     -3.804    -16.397      7.842 4
  -1   -2     23.951     35.822    -19.553 4
  -1  483     30.663      6.191      8.143 4
 388  200     -5.997     23.174      6.575 4
 149  229      2.773     26.656      9.207 4
  -1  704     49.261    -14.882      4.825 4
 997  360     16.833    -32.105     -0.057 4
 222  102     11.346     20.613      9.440 4
 185   -2     -0.804     23.711      8.848 4
 430  109      8.518    -27.767     18.225 4
  -1  546     -5.569     -4.816    -17.745 4
1048  178     27.917     21.952      6.943 4
 113  347    -16.295    -17.584     10.449 4
 912   -2     -8.157     38.629      4.830 4
 977  300    -21.930    -12.705     -5.952 4
 151  601     22.199    -19.390      7.671 4
 243   -2    -30.554    -15.145      6.163 4
  -1   -2    -25.354     50.201      8.819 4
 783  488    -50.702      1.385     11.145 4
  48  617    -17.649     19.511      2.672 4
1014   -2    -61.578    -13.346      9.285 4
 377  319    -24.729      4.349     12.319 4
  -1   47    -28.154    -15.619     18.163 4
 141  262     48.570     42.927      7.417 4
  -1   -2    -17.114      3.106     -3.775 4
 298   -2     22.049      9.793     12.199 4
 279   -2    -17.683     -1.448     -3.344 4
  -1   -2     -7.452     26.848      6.727 4
 464  970     13.431      4.099      8.169 4
  -1  416    -50.079     -8.440     14.252 4
 286  282      8.682    -29.470     -7.322 4
 170   -2     30.618    -29.918      8.651 4
 751   -2    -25.548     20.468    -10.357 4
 934   -2     10.944     -8.814      9.488 4
 349  353    -62.340     30.629     13.911 4
 764  295     19.530     -0.560     10.034 4
 863   -2     17.663     25.372      8.498 4
 235  449     12.829      0.849    -18.978 4
 499 1163    -22.860    -22.203     12.010 4
  -1   -2     26.384    -15.507    -19.240 4
 685 1116    -58.944     24.301      9.474 4
 718   -2    -16.241    -14.634     -7.229 4
 925   -2     28.408     12.174      8.527 4
  -1   60     16.118      0.341     10.273 4
 891  275     23.125     -0.316      3.498 4
 318   -2     22.318     15.989     10.429 4
 631 1160    -50.142     43.347     -3.518 4
 455  510    -23.256     -3.915      7.005 4
 155  409    -49.565     20.930      1.674 4
 373  338     -5.283     18.191      9.175 4
 554   -2     22.747      7.190      5.891 4
  -1  343      1.524    -23.464    -20.225 4
 734  868     -4.717     13.023      9.179 4
 115 1051    -48.157      1.074     11.400 4
 956   -2    -25.447    -15.761     -0.007 4
1029  508    -16.371      4.783     -4.382 4
  -1  967     28.906      3.435    -15.095 4
 621   22      1.687    -22.655      9.896 4
  -1  218    -53.481    -13.060     -1.405 4
 965   -2     24.728      1.249      9.431 4
 648   -2    -29.055    -22.915      7.270 4
 263   -2    -49.984     -0.699      3.614 4
  -1   -2     -4.458     11.608     -6.568 4
  -1  687     25.261     24.329     19.866 4
 625  432     11.339     24.179      7.648 4
  -1  336    -26.730    -13.594      1.168 4
  -1  144     28.315    -32.180      6.143 4
 374  325     50.193     13.567      5.781 4
 847   -2     37.112     29.306     -5.885 4
 274  212     10.230     29.925      5.024 4
 227  553    -17.271    -29.811     14.009 4
 303  272     51.908     30.554     -0.053 4
 557   -2    -43.181    -26.276      2.824 4
  -1  480      1.228     39.263     18.522 4
  -1   -2    -58.723      1.949     16.951 4
 515   -2     -3.647    -32.053      6.452 4
  -1  424     21.607     -1.245     14.762 4
 864   -2    -28.431    -12.864      5.767 4
  -1 1103    -20.408     38.874     10.714 4
 305   -2     15.454      0.688      7.414 4
  -1   -2     -9.515     47.721      3.633 4
 223  438     10.845     -3.396      5.464 4
  -1   -2      8.172     33.933      5.475 4
 485   78     11.207    -30.872     16.394 4
 183  133     27.756     20.003      8.053 4
 836   35     10.174     22.274      8.468 4
 301  350    -63.217    -10.584     18.739 4
 365  247      4.126      7.130      0.088 4
 105   -2     21.276     45.902      2.384 4
 245   -2     -8.897      2.375     11.057 4
  -1  695     -0.762    -15.850     -1.590 4
  -1  105      4.290    -30.230    -20.343 4
  -1  205      5.870    -22.222    -15.978 4
 359 1066     17.566     -5.400      7.459 4
 498   -2    -32.819      7.086      7.698 4
 281  267     50.477      7.039      7.628 4
  -1  865    -50.070     52.257      0.433 4
 691  159    -40.090     34.542      4.689 4
 389   -2     10.892      7.556      6.629 4
 337   -2    -17.619     44.290      5.040 4
 384  358     -7.185     -9.063     -0.232 4
 294   -2    -50.984     31.076     -4.911 4
 875  642     41.882     39.789     -0.488 4
  -1  398     13.878     -7.399      0.692 4
 867   -2    -50.051     39.222      7.244 4
  -1  941      4.645     17.352      8.189 4
 661  276     15.656    -29.962    -14.966 4
 752  692    -24.040     12.051      1.768 4
 658   -2    -51.865     -9.805    -11.944 4
 228  268      4.995     10.514      8.182 4
 791  278    -52.044    -28.265    -15.427 4
1095  213    -16.442     12.040    -16.862 4
  -1   -2     11.178    -30.583    -16.803 4
  -1  368     39.129     27.430     -2.981 4
  44  123     12.574     40.295     11.129 4
  -1  517     34.935     26.304     -1.644 4
  -1  285     34.516     35.660     11.111 4
 339  955     11.504      2.332      7.987 4
 696   -2    -59.321     -5.758      7.355 4
 396   -2     21.980     -5.873      2.825 4
 502  160      7.533    -31.825     -1.203 4
 437  335    -34.382     -3.230      5.147 4
1041  481     39.136     -3.769     16.654 4
  -1  395    -23.948    -16.841    -21.026 4
 834   -2    -20.159     -3.619     -3.072 4
1012   -2    -25.024     17.207      7.964 4
  -1  233      4.644     -0.868      7.565 4
  -1   -2    -17.960     -3.089     -6.588 4
 844   -2    -49.382     22.489      2.722 4
  -1  820    -35.730     10.261     12.665 4
 811   11     -7.711     42.384      6.443 4
  -1  499     14.583     -3.038      2.513 4
  -1   -2     53.104     18.605      0.340 4
 283   -2     -6.564     34.872      5.903 4
 296   -2    -24.814      9.157     16.888 4
 238  305     26.652    -26.190      7.839 4
 646   -2      5.525     41.813     -1.681 4
  -1  509    -29.891    -27.246    -14.922 4
 415  664    -17.368     12.836     17.071 4
 335   -2     -9.362     15.911      7.756 4
 200   -2      7.352     16.043      7.025 4
 786  149    -29.783    -13.487      2.250 4
 202 1155    -60.350     30.593     13.959 4
  -1   -2    -27.792     42.589     13.298 4
  -1  174     -7.948    -15.731     10.124 4
  -1 1054     18.020      4.706     17.376 4
 605   -2     21.229    -14.989     12.879 4
 494  396    -20.896     -9.528     10.197 4
 719  474    -60.671     47.108     -9.933 4
  -1   -2     39.463     -0.301     -3.796 4
 432  307    -52.110      3.486     -9.004 4
1104  693    -51.312     41.138    -10.587 4
  -1   -2     20.724    -13.130      1.391 4
 918  566     15.017    -15.280      6.280 4
  -1  729    -24.948      5.246    -17.914 4
  -1   -2    -16.410     -7.521    -11.497 4
 172   -2     10.611     20.415      7.229 4
 584  373     29.036      9.453      7.298 4
 216   -2     33.081    -10.424     15.599 4
  -1  318     -2.466      1.236     -8.709 4
 272   -2     39.348    -35.830     10.659 4
 230  342    -29.270      8.617     12.026 4
 308  652    -12.799    -16.325      9.646 4
  -1   -2     36.025     -3.846      9.703 4
  -1   -2    -16.662     50.661     21.988 4
  -1   -2    -54.492    -11.307    -19.717 4
  -1 1037    -33.281     33.845     -7.874 4
 895  232     40.789     29.794    -10.894 4
 930   -2     35.487     16.628      5.691 4
 801  472     -7.094     27.835      8.150 4
 401   -2     49.629     29.808      7.052 4
 346   -2     39.061     -6.112      8.520 4
 214   -2    -24.415     46.162     18.265 4
  -1  240    -23.360     22.549     18.812 4
 572   -2     -7.318    -19.603      3.228 4
 949  320      1.680     -7.773     11.863 4
  -1  367     -7.308    -25.242     15.562 4
  -1 1082    -27.339     15.428    -13.761 4
  -1   -2     36.900    -11.100    -19.323 4
  -1  561     24.842    -13.681     19.760 4
  -1   -2    -10.606     40.024      7.800 4
  64  493    -12.589     -5.092     10.711 4
 848   -2    -20.532      9.313     -3.017 4
 790   -2    -30.390    -23.630     10.884 4
 130  236     20.383      4.290      0.437 4
  -1   -2    -26.837    -10.177    -17.681 4
 270  301     50.240     31.971      5.525 4
 754   -2    -29.430      5.561      0.281 4
  -1   -2    -56.388     21.724     -4.726 4
 562  516    -60.496      5.303      2.233 4
 456  454    -59.603      7.646    -12.306 4
  -1  274     25.422      0.916     18.093 4
 306   -2     18.811     39.238     14.135 4
 761  857     -8.388     -9.913      3.441 4
 512  315      8.784     16.812     -3.910 4
 447  475     51.024      2.466     12.757 4
 435 1018     49.234      6.795      4.859 4
  -1  514     11.914      7.440     18.388 4
 255  682     20.624    -10.262     13.855 4
 725  920     -0.948      0.706      8.992 4
 629   -2    -14.155     38.341      4.463 4
  -1  437    -26.535    -22.506      8.559 4
 720   44    -25.228    -16.664    -10.041 4
  -1   -2    -50.046      9.458      5.427 4
  -1  638    -17.273     18.644      9.085 4
 360  995    -20.690     31.774      7.651 4
 855  930     30.072     -0.977    -10.785 4
 835   -2     50.109     -8.520      3.862 4
 328   -2      1.386     -0.160      7.808 4
 133   53     23.581     19.817      6.885 4
 197  999     14.401    -13.165     11.156 4
1044   -2     41.614     34.785      5.198 4
  -1   -2    -61.937      5.550     19.313 4
  -1  323    -11.641     14.849      2.562 4
  -1   -2     18.559    -28.512     13.102 4
 767  187    -13.841      5.613      2.793 4
 481  535     13.609     -8.293     12.412 4
 467 1101    -57.191    -23.614      0.090 4
 771  917    -64.010     19.255     -0.296 4
  -1   -2    -10.625     -8.184     -5.249 4
 909   -2      0.623      3.506      9.279 4
1093   -2     28.614     -8.581      9.698 4
 398   -2    -11.497     -1.664      1.979 4
 391  802    -61.810      3.306     10.306 4
  -1  643    -49.703      1.739     12.459 4
  -1   -2     21.528    -11.181    -21.245 4
 768  745    -38.346    -23.283     11.300 4
 581   10     15.994     12.845     -2.247 4
1097  411     24.456    -17.091     15.484 4
 468   -2     -2.994     -4.186      7.764 4
  -1  191     20.870    -30.034    -20.014 4
 597   -2    -50.734    -11.912      3.360 4
 797   -2    -50.021     29.426      0.694 4
  -1   -2      2.713      8.506    -15.050 4
  -1  222     23.315    -14.815     20.530 4
 434  273      0.348     18.195    -13.884 4
 981  749    -48.972     43.127     17.356 4
1002  552     27.865     47.004     -7.653 4
  -1   -2     12.080     -4.557      8.070 4
 690   -2      5.980     26.534     10.323 4
 743   -2    -34.134     40.465     -1.296 4
 684   -2    -18.673     -9.390     10.722 4
 886   -2      7.902     25.479      8.192 4
  -1   -2    -37.796      6.399    -15.479 4
1085   52    -51.482     13.324    -14.473 4
 772  321    -27.078     -8.757    -10.997 4
1039   -2    -61.920    -23.175      4.838 4
  -1  345    -20.793     11.518    -11.307 4
 950  348      5.432     -7.307    -17.834 4
 938   -2    -11.859     25.679      6.375 4
  18   -2    -32.905     29.406     10.361 4
  -1  921    -61.247     37.696      6.431 4
  -1  495     28.495    -28.646     11.483 4
 769 1091     20.119     25.275     12.043 4
 302 1159    -12.521      3.636     11.236 4
 708   -2     -0.844    -19.790      7.829 4
 845   -2    -20.801     -6.526     -1.052 4
  -1   -2    -12.784     49.841      6.233 4
 107 1150    -16.318     -0.914      9.319 4
 700   -2    -56.208     37.220     -9.455 4
  -1   -2     12.084     26.463     -6.608 4
 882   -2      3.259    -19.572     16.557 4
 487  470     54.010     27.517      6.343 4
 941   -2     41.307     20.456     -9.376 4
1051   -2      5.959    -17.946     10.945 4
  -1  422    -13.989     33.956     10.766 4
  -1   -2     21.857     -9.608      8.175 4
 445  158     17.801     -2.068     11.404 4
  -1   -2     31.157     42.422      4.989 4
  88   -2    -30.289      1.146     -4.610 4
  -1 1133      5.342     37.952    -12.786 4
  -1  379      7.668      8.054     19.559 4
 371  270    -14.789     -4.039      4.254 4
 566   -2     40.481     20.299     19.581 4
 372   -2     20.412     51.544      6.201 4
  -1  132    -43.412    -30.944     -2.364 4
 501  585    -63.717     25.805     10.313 4
  -1   -2     38.037      4.246     -1.963 4
  -1   -2    -13.928     41.309     17.288 4
  -1  435     26.105    -12.312      7.362 4
 118  699    -36.981     22.920     13.717 4
  -1   -2    -24.284     12.510    -11.867 4
 462   -2    -11.287    -23.580     14.592 4
 205  302    -34.193      2.411      4.230 4
  -1  549     -0.833     16.617     11.987 4
 369   -2     40.069     -3.440     -7.946 4
  -1   -2    -62.618    -10.640    -20.136 4
  -1  658    -33.184    -10.392     11.557 4
  -1  175     40.669      0.989     20.281 4
 795  959     26.904    -11.238      7.606 4
 590  672    -49.266    -14.528      4.253 4
  -1  614    -59.160     19.035     -6.469 4
1110  641    -53.030    -14.907    -18.530 4
  -1   -2    -23.129      2.672     -8.187 4
  -1   -2     54.735     10.139     -5.641 4
 535 1152    -49.787     32.121     10.796 4
  -1  290     21.190     17.627     10.152 4
  -1   -2    -45.582      5.854     -5.428 4
  -1  897    -32.104    -11.866     -4.122 4
  -1  589     56.288     38.479      5.044 4
 947   -2     39.265     21.793      6.551 4
 537  576     25.657    -33.207      4.211 4
  -1  403    -55.161     12.644      7.323 4
 856  469     -3.681     50.966     -3.495 4
 425    0     23.778     42.146     -1.407 4
 745  448     -7.289    -26.491     -2.174 4
  -1 1100    -20.075      8.224     -4.093 4
  -1   -2    -52.604     28.296      9.180 4
 674  574     28.015     39.141      8.726 4
 234  913     29.491     11.419    -17.298 4
 555   -2    -28.565     -3.600     -8.574 4
1000  613    -63.177     33.087     11.283 4
  -1  312    -49.303      0.231     21.745 4
 929  394    -43.310    -29.792     -1.922 4
  -1   -2     29.003    -16.186     10.868 4
1106   -2    -30.513      0.843      4.619 4
  -1  697     27.360     18.845    -10.374 4
 522  660     33.854    -24.546      6.259 4
  -1   -2      1.099    -31.834      0.204 4
  -1   -2     40.749    -15.909    -22.632 4
  -1   -2     -2.792    -12.986      6.470 4
 859   -2    -52.134     10.619    -13.905 4
 542  246    -63.044    -16.745      6.056 4
 724   90     30.932     24.718      9.079 4
  -1   -2    -25.128    -10.860     17.397 4
 794   -2    -64.214    -20.494      4.014 4
  -1   -2     10.183      2.265    -17.616 4
  -1  889    -29.470      8.114    -23.078 4
  -1  761     36.829      9.346     -7.808 4
 163   -2     -8.264    -30.708     -1.230 4
  -1  659     29.368     57.689     -8.864 4
  -1  556    -52.984     18.105    -20.055 4
  -1  632    -12.499      8.002     18.269 4
 946   -2    -60.721     34.177     15.876 4
 598  753    -24.229     18.145     15.623 4
  -1   -2      9.019     30.708      5.385 4
  -1   -2    -28.635    -18.290      9.445 4
  -1   -2     49.358     -3.799    -21.679 4
  -1   -2     -5.561    -24.623    -10.942 4
  -1   -2      6.297     30.254      8.748 4
 812   -2     38.028     23.289     -1.831 4
  -1  387     -8.481    -31.017      7.336 4
1077  250     12.884    -20.391      8.202 4
 559  565      4.470     36.551      8.128 4
 576  637    -64.927     -2.988      3.640 4
 319   -2    -52.088     12.886    -14.265 4
  -1  635    -63.033     -8.090      1.659 4
  -1   -2     -2.901     18.670     10.148 4
1058  843      2.619    -12.202      8.203 4
  -1   -2     11.612    -28.870    -21.284 4
  30   -2     19.552     47.008      5.196 4
  -1   -2     15.878    -18.443      7.223 4
  -1   -2     36.789     49.402      4.332 4
 345  523     -2.833     -1.097    -10.656 4
 356  838      5.640    -29.251    -13.452 4
  -1  112    -13.513    -25.052      0.475 4
 628   -2     38.052     31.370     -3.469 4
  -1   -2    -35.446     28.720     10.347 4
  -1   -2     24.540    -18.667     18.192 4
 833  685     37.298    -22.033     -1.643 4
 716  677     36.734     35.089     -7.632 4
  -1   -2    -47.665    -26.182    -18.086 4
 577  892    -49.256      8.449    -20.702 4
  -1   -2     23.196    -16.542      8.046 4
  -1   -2     29.681     53.119      1.655 4
 482   -2     -5.586     -9.074      7.046 4
  -1   -2    -63.966     22.702    -14.735 4
  -1   38     -0.498    -26.152     -8.282 4
  -1   -2     47.033     10.415    -14.692 4
  -1   -2     20.451     14.894      6.811 4
1026  880     24.506     29.978      6.635 4
  -1  914    -14.132     -1.542     20.598 4
 702   -2      9.836     46.008      8.170 4
 815  779     38.111     17.688     -1.744 4
  -1   -2     -7.378    -13.697      7.614 4
  -1   -2     29.491    -20.376     -0.080 4
1059  968     23.453      6.895     14.997 4
  -1  772    -48.672    -26.292     -4.681 4
  -1  136     34.925     48.923      9.946 4
  -1  929    -21.337      0.092     19.513 4
 591   -2    -37.800     51.149     -0.591 4
 534  653     51.981     49.351     11.160 4
1047  263     47.686     24.411    -17.667 4
  -1  157    -63.315     27.850     -8.278 4
  -1   -2     36.007     16.924    -21.011 4
  -1  115    -17.703     27.637      7.771 4
 942   -2     23.041     21.819     -5.048 4
1086 1096    -34.516     -9.614    -19.216 4
  -1  511     16.267     28.411    -18.085 4
  -1  569    -49.848     30.383     12.898 4
  -1   -2     26.620    -20.148    -12.965 4
  -1   -2     36.458     44.603      6.386 4
  -1  836    -29.998     -4.535     -0.287 4
  -1   -2    -24.877      1.008     17.462 4
 573  806     36.302     45.423    -11.111 4
  -1  629    -46.782    -15.162     11.488 4
  -1   -2      3.418     40.928     12.294 4
 551  622     27.923     45.400    -21.201 4
  -1   -2     11.003    -20.240      1.542 4
  -1   -2     -2.986     24.489     21.283 4
  -1  391    -47.944      3.768    -20.448 4
  -1  365     38.003      9.361     -0.431 4
 663  785    -51.493     -7.661    -15.676 4
  -1   -2    -55.534     -0.150     -3.677 4
 701  582     35.616     42.898      9.181 4
  -1 1024    -50.087     47.566     -5.623 4
  -1  712     -9.102      8.558     13.806 4
  -1   -2     43.597    -12.027     -0.393 4
 513  519     19.229      2.329      8.468 4
 587   -2     28.801    -22.842      1.218 4
  -1   -2     14.266     -7.481     15.584 4
 570  439    -49.367    -22.432      3.129 4
 914   -2     10.070     15.862      6.316 4
  -1  192    -41.335    -21.618     18.815 4
  -1  412    -32.878     44.678    -17.986 4
 858  724    -57.236     19.245      4.867 4
  -1   -2     12.784      0.564     20.065 4
  -1   41      0.101     32.514      9.307 4
  -1   83     33.401     -8.536      4.819 4
  -1  790    -48.661    -25.025    -21.349 4
 640  611    -60.644     12.803    -12.488 4
 642   -2     10.113    -25.507      9.137 4
  -1   -2     -4.017    -20.900     -2.295 4
  -1  210     39.120     -4.928      8.781 4
 673  426     51.413    -13.124    -10.755 4
 347   -2    -61.735     -8.202     12.459 4
  -1   -2    -50.049     23.760     12.567 4
  -1   -2     -5.333     -3.437      5.946 4
  -1  291     38.915     17.072      5.758 4
 735   29     30.965     43.795      7.593 4
 615  124    -24.339      5.007      9.340 4
 678  763    -58.455     -1.406    -11.464 4
  -1  786     39.171     26.094      7.281 4
  -1   -2     18.790    -29.628     16.268 4
  -1   -2    -38.613     -8.569     12.182 4
  -1   -2      7.062    -21.540     17.622 4
  -1   -2     10.711      8.006     15.876 4
 622   -2    -20.849    -10.463      8.408 4
  -1   -2     16.640     19.452    -19.982 4
  -1  650    -29.687     51.224      7.885 4
 643  702    -16.840    -15.257    -19.532 4
 324  166    -48.350     40.280      3.152 4
 988   -2    -32.273     15.696     -3.655 4
  -1  188      0.077     37.541      9.646 4
  -1  676      7.145      0.598    -13.689 4
1060   -2    -44.129    -28.184     -9.850 4
 171   -2     13.063     53.844      4.084 4
 775   -2    -45.349    -30.180      5.699 4
  -1  876     18.090     10.891     21.871 4
  -1   -2      2.099     -2.641     -8.000 4
  -1  289     12.404    -28.080     16.017 4
 258   -2     37.653     33.852      0.833 4
  -1   -2    -45.852      0.976     19.613 4
 585   -2    -62.122     14.572    -19.110 4
  -1   -2     47.093     21.145    -12.488 4
 600  572    -39.284    -10.869     -2.903 4
  -1   -2    -65.827    -12.615      3.632 4
  -1  296     -7.861     33.652     10.569 4
 119  673      7.207     44.083     -1.204 4
 127 1093    -55.438     17.840     -9.273 4
 900   -2    -48.974     15.969     13.773 4
  -1  491    -24.297     -2.403    -16.206 4
  -1   -2     37.271     39.950     -0.172 4
  99  720     51.660     35.540      8.973 4
  -1   -2     46.233     53.270     -6.514 4
  -1   -2     21.651    -31.672      4.713 4
  -1  563    -64.697     33.363      4.058 4
  -1  901    -56.749     30.645     14.701 4
  -1  431      3.609    -32.886      0.427 4
  -1  747     38.441     51.179     12.960 4
  -1  780    -28.100    -28.179      0.471 4
  -1  197     51.556    -13.746    -11.553 4
  -1 1153     16.376     22.286      9.483 4
  -1   -2     27.084      7.807     17.121 4
 351   -2    -59.400    -10.746     11.240 4
  -1   -2     22.823     -2.576     -2.603 4
  -1  570     -4.920     12.352     11.236 4
 125   -2    -47.784      7.987     -7.150 4
  -1  401     -9.133     26.904      2.474 4
  -1  814     35.419    -27.633    -18.018 4
  -1  326     32.455    -28.176     21.746 4
  -1  103     39.645      1.288    -19.319 4
1038   17     12.006     36.509      6.504 4
 423 1065    -10.228     11.322    -12.735 4
  -1  937     50.352    -33.826    -16.890 4
  -1  604    -24.461      8.364      9.459 4
 935  330     40.345     54.034     -9.224 4
  -1   -2     -6.153    -22.330     -9.834 4
  -1  230    -36.402      3.467     13.438 4
 579  119     18.049     50.946      4.908 4
 261   -2    -10.798     10.926     10.252 4
 276 1158    -22.254     30.746      9.086 4
 810  596     40.813     52.685    -22.652 4
  -1   -2    -44.065     17.417     19.651 4
1050   -2    -52.172    -10.675     -9.530 4
 520  199    -52.378     25.872    -14.825 4
  -1   -2    -30.409     36.545      9.847 4
 789 1171    -49.077    -17.059     -1.747 4
 721  768     55.372     -5.820      3.820 4
  -1   -2     24.513     -4.215    -20.648 4
  -1   -2    -35.431     32.716    -22.110 4
 862 1070      9.925     30.911     -2.375 4
 431  627    -53.296    -23.781      6.648 4
  -1  309      3.436    -17.933    -17.646 4
 128  997    -49.833     33.169     12.371 4
  -1   -2    -18.985      3.285     -2.829 4
 799   -2     52.629      4.758      6.503 4
  -1   -2     37.178     22.419     -4.363 4
  -1  352     18.883    -27.256     -7.807 4
  -1   -2    -60.873     44.075    -10.513 4
  -1   -2    -35.265     49.292    -13.278 4
  -1   -2     30.111    -24.483    -14.052 4
  -1   -2     52.065     20.977    -18.777 4
 241   -2     40.558      1.747    -16.568 4
  -1   -2      4.399    -21.085      9.645 4
 915  733    -56.063     16.991      7.776 4
 336  867     -6.653     -9.939    -20.876 4
 326  524    -17.162     23.538      5.271 4
  -1  815    -42.453     -8.241     12.428 4
 448  559    -48.742     50.912     -1.474 4
  -1 1147    -30.269     27.887     17.384 4
  -1 1067     15.998     10.364    -17.213 4
 666  498    -62.537    -11.737    -10.855 4
  -1  313     14.293    -23.829     13.449 4
  -1   -2    -21.858     46.244      7.514 4
  -1   -2      5.758     53.157      5.746 4
  -1  764     -9.225     51.983      8.460 4
1074   -2     16.861     40.438      2.392 4
  -1   -2    -34.328     36.027    -13.646 4
 480   -2    -16.539     15.442     -5.101 4
  -1   63     17.782     13.140     -1.410 4
  -1  378     -7.680     36.035     15.169 4
 773   -2    -33.833    -20.724      8.572 4
 637 1074    -43.600    -32.735     -3.185 4
  -1  675    -52.701     -4.693    -17.479 4
  -1  945    -28.127     12.472    -16.355 4
  -1   -2    -49.173     -5.416      2.031 4
 939   12    -18.366     45.103      8.935 4
  -1   -2     -5.175     37.882      7.344 4
 441  356     39.935     -4.153     -5.394 4
  -1 1005    -27.402     19.902    -10.060 4
  -1   -2     40.410     36.138    -13.801 4
  -1  688    -46.791     30.326    -21.033 4
 865  774     55.290     13.680      5.948 4
 975  134     17.652    -23.580     11.681 4
 226   -2    -51.555     23.563    -10.166 4
  -1   -2    -54.190     -5.452      0.954 4
  -1  981     25.114    -20.249     18.647 4
1042   -2    -45.086    -17.328    -20.051 4
  -1 1111      8.082      5.033     12.633 4
  -1  541    -22.164     12.157     23.464 4
  -1   92      6.182     37.124      8.201 4
 917  430    -12.390    -16.402     -2.717 4
 890   -2    -46.111     -7.547      3.251 4
 931 1167     15.595     54.615     12.549 4
  -1   -2    -58.595    -28.719    -14.739 4
 488   -2    -27.944     15.089      8.345 4
  65   -2    -14.283     29.910      5.854 4
  -1   -2      7.956     34.429     30.353 4
 568  550    -43.024    -13.602    -12.024 4
 878   -2     23.836      8.803      9.765 4
  -1   -2     24.409     52.705     -9.977 4
  -1   -2    -21.759    -28.278      9.601 4
  -1   -2    -19.948     53.787      2.548 4
  -1  954     24.567    -15.393     -7.556 4
  -1   -2    -25.660     18.197     24.605 4
1007   -2    -62.282     32.579     15.522 4
  -1   -2     46.899     20.362    -11.934 4
 749   -2    -32.509     29.638      5.838 4
  -1 1055    -51.898     31.029    -22.789 4
  -1 1124    -49.940     24.640     11.112 4
 571   -2     16.903    -25.590     13.825 4
  -1   -2     48.067     23.626     13.533 4
  -1   -2    -22.601     41.558     16.189 4
  -1  364    -26.066    -11.103    -18.101 4
  -1 1089     -1.675     43.934     11.225 4
  -1   -2     23.748     58.173      2.680 4
 268  778    -56.960     20.882     -0.595 4
  -1  235      8.825      3.223      8.299 4
 217  397    -39.957    -25.252      6.535 4
 932   -2     50.500      4.813      2.868 4
  -1 1028     13.430      2.977      8.739 4
  -1   -2     54.727     47.809      4.519 4
  -1  816    -59.492     10.536    -10.604 4
 322  775     38.594      5.551     18.779 4
  -1  390    -37.586     38.011     16.502 4
  -1  152     35.398     51.273    -19.644 4
 870  580    -35.514    -12.729     21.167 4
  -1  812      0.829     10.658      6.057 4
 287   -2     37.194     37.043     -3.249 4
 348   -2     12.442      1.990      9.205 4
  -1  116    -45.867     20.424     19.529 4
 139  337    -27.898     18.473     -2.715 4
  -1   -2    -56.801    -14.473    -20.272 4
  -1  631    -53.416      5.223     19.602 4
  -1  842     45.906      2.233     -9.936 4
  -1   -2     22.557    -28.142     19.740 4
  -1 1025    -19.694     10.475     20.005 4
 472   -2      0.545     16.475      3.656 4
 889   -2     41.430    -24.580     11.866 4
  -1  502    -16.926      1.250     -8.866 4
  -1  512     37.701     31.050      1.539 4
 802   -2    -49.227    -15.825     -1.001 4
1113   -2    -49.307     17.963      4.075 4
 933  366     -9.029      6.495     12.573 4
  -1   -2    -15.786    -10.192     17.720 4
  -1  738    -13.505    -15.769     18.446 4
 623   72     12.837    -32.060     -2.201 4
 788   -2     36.795      3.217     -1.583 4
  -1  328     -3.492    -13.970    -18.958 4
  -1   97     29.905    -32.928    -12.830 4
  -1  612      3.171    -26.446     -5.874 4
  -1  787     55.006     -7.910      4.132 4
  -1  327      5.773    -17.195     21.547 4
 782 1030    -20.418    -22.633      1.918 4
  -1   -2    -15.971     21.025     11.860 4
 634   -2      3.653     48.442      5.354 4
1102 1020    -47.624    -19.734    -17.600 4
  -1  750    -60.007     -7.716    -14.600 4
  -1   62     -1.059     48.157      7.471 4
 693  910     39.957      2.324     -4.313 4
 158  377    -49.011     28.379      0.747 4
 599  543     -2.230     27.680     -0.202 4
 776  849     13.610     51.992    -11.364 4
 991 1140     38.205    -22.248      7.065 4
 470  789     38.818     14.047     14.416 4
  -1  807     44.629    -15.969      8.076 4
  -1 1004    -66.411    -23.202      5.034 4
 484  742      4.084    -19.668     -7.837 4
  -1   -2    -35.884     43.745     21.191 4
  -1  444    -51.510    -25.238     -9.002 4
 896  647     34.699     -2.002    -21.717 4
 668  928     39.075    -21.141      0.190 4
  -1   85     18.824    -30.263     -0.059 4
 805  253     20.696    -26.108    -10.240 4
  -1  544    -19.857     37.142    -13.143 4
 852 1146    -50.332    -29.636     -7.043 4
  -1   -2    -45.833     51.752     20.385 4
  -1   -2     44.685    -11.827      8.477 4
  -1   -2      8.282    -22.837     12.792 4
  -1    2     -3.762     30.627     -0.324 4
  -1  882     38.765     15.621     17.230 4
  -1  911      7.999    -23.193     -9.669 4
  -1  919     52.119      7.958      7.481 4
  -1  457     26.505     -5.433    -20.883 4
 593  225      4.794     52.506     10.995 4
  -1  792    -51.554     -3.577    -21.313 4
1087  492     48.584    -18.290      3.203 4
 545  322     36.947     18.736    -13.399 4
  -1 1059     43.883    -34.188     19.053 4
 354  466     22.853    -11.066      2.106 4
  -1   -2    -15.887      5.615      4.679 4
  -1   -2     33.687    -24.405     21.108 4
1126   -2     48.837     -4.893    -11.400 4
 785   -2    -52.141    -21.138      4.355 4
1008  703    -56.272     49.790     12.419 4
  -1   -2     12.710     31.766      1.599 4
1036   -2    -28.673     48.759     14.884 4
 135  845      6.164     49.247      6.720 4
  -1  766    -12.961    -17.173      3.897 4
  -1   -2    -57.440     -3.519    -13.761 4
 312 1107     10.558     23.370      4.524 4
  -1  494     11.082    -28.569      1.976 4
 193   -2     26.036     34.768      8.408 4
  -1 1032      6.094     31.422    -19.011 4
 165  743    -26.573     37.673      9.318 4
1030   -2    -10.058     31.486     -5.963 4
  -1   -2     14.359     -9.039     11.436 4
  -1   -2     25.735    -27.103     13.627 4
 825 1007    -59.341     48.292     11.008 4
 922   -2      7.766    -20.512    -16.926 4
 846 1099    -62.507     13.421    -20.693 4
  -1  331    -14.568     -9.741    -19.390 4
  -1  757    -20.308     36.602     19.535 4
 842   -2    -50.590      3.540     -3.035 4
  -1   -2    -32.751    -15.262      7.374 4
  -1   -2    -26.473      0.378     -7.996 4
1123  436     39.265     37.374     -7.338 4
  -1  584    -15.214     32.661     20.253 4
  -1   -2    -31.166     47.446      8.451 4
  -1  162     23.309     12.777     17.659 4
 738 1173      0.486     -5.027     15.619 4
 256   -2    -18.100    -30.356     14.225 4
 449  402    -20.276     -5.253     -2.885 4
 157   -2      4.650    -32.597     -0.373 4
  -1   -2    -41.664     36.588      7.358 4
 547 1064    -42.216     48.272     -0.509 4
  -1  531     16.169      0.099     15.524 4
  -1 1026    -51.494     23.472    -18.266 4
 765  726     16.399    -20.637    -14.277 4
 544  258    -28.427      1.341     -4.600 4
  -1  140     -1.101    -35.396    -17.734 4
  -1  813     18.837     23.649     11.806 4
  -1  310     -8.568    -29.976    -11.391 4
 781   -2     53.049      8.080      2.449 4
  -1  137     20.946    -29.581     20.223 4
  -1   -2    -30.303     46.213     22.068 4
  -1   -2    -49.847     26.956     11.671 4
 893   -2    -61.111    -17.390     11.479 4
  -1   -2     -3.116     43.898      4.817 4
 395   -2     35.633     -4.909      5.136 4
  -1   66     38.936     56.059     14.530 4
  -1  245     24.902     49.996     11.476 4
 469  756     24.912    -10.977     10.109 4
 410  575     17.504    -16.110      3.210 4
  -1  299     38.365     -3.752      0.574 4
  -1  388     -0.220    -21.519     13.413 4
  -1 1071     -2.696     16.892     -7.806 4
 907   -2     33.401    -23.743     16.216 4
  -1   -2    -53.129      9.887     13.056 4
  -1   -2    -12.130    -19.476     13.792 4
1011 1174     -5.422    -12.352     -7.829 4
  -1  287     37.452     28.227     -8.781 4
  -1 1130      2.942     39.436     -9.112 4
  -1 1175     19.617      6.502     -9.772 4
  -1   -2    -22.070    -20.349      6.187 4
 307   -2    -40.406    -12.982     -1.659 4
 260  532     25.761     21.774      6.446 4
  -1   -2    -34.964     33.223     19.864 4
 822  421    -35.532     12.203     12.185 4
  -1   -2     -1.077      7.221     18.570 4
1056   -2     37.097     -9.885     -1.781 4
  -1   24     35.074    -15.159     12.220 4
  -1  557    -49.942     22.292      9.103 4
  -1   -2    -48.748     13.134     -4.334 4
  -1   -2    -30.756    -14.057      7.326 4
  -1 1057     -8.122     22.554    -16.053 4
 177 1118     52.022     -6.195     13.391 4
 944   -2     45.971    -32.409    -10.482 4
  -1  831    -20.489     13.161     13.162 4
 710   -2     46.957     -8.367      6.346 4
  -1   -2     29.474    -12.652      5.201 4
 493   -2    -50.959    -26.222     -9.009 4
  -1   -2     -0.606      9.370    -19.784 4
  -1   23     12.663     51.300     14.043 4
  -1   -2    -20.225     32.982      5.516 4
  -1   -2    -16.019     17.243    -10.128 4
  -1  281     -8.255     13.572     20.240 4
 711 1170    -17.194      3.739     -3.657 4
  -1   -2    -38.380     31.477     -3.802 4
 828   -2     46.114     30.605     -6.060 4
 638 1044    -35.558    -10.088     -2.104 4
 826  189     24.327     -4.740     12.515 4
 928   -2    -64.480     21.488     -2.500 4
 731   -2    -48.997      1.368     -1.244 4
  -1  916    -61.771      9.117     10.755 4
  -1    9    -19.081     30.240      4.548 4
  -1   -2     39.590      3.172     13.593 4
 474 1011      0.583     11.552     -6.332 4
  67   -2    -57.734     34.731    -12.772 4
  -1 1128     28.587      4.366     18.052 4
  -1  128    -20.505     -4.584     21.678 4
  -1  223      2.575     -1.291    -10.804 4
  -1   -2      2.282    -12.461    -13.525 4
  -1 1142      8.179     -1.356     -6.728 4
 919 1081    -20.324     46.844      7.472 4
  -1  634    -33.904     20.433      9.576 4
  -1   43      0.187     49.394     16.851 4
  -1  795    -17.878     16.573     -2.890 4
1024 1164     16.808      3.524      3.227 4
  -1  824    -42.368    -31.197    -18.705 4
  -1   -2    -28.823     43.402    -19.636 4
 679   -2      0.717     34.009      1.985 4
  -1  482     57.707     14.006     10.280 4
  -1  344     17.843    -35.052     -8.823 4
  -1   -2    -31.683     -7.233    -15.957 4
 129   -2     19.057    -26.437     -8.598 4
 926   -2     -5.024     18.007     16.057 4
  -1   56    -11.530     -2.166      5.684 4
  -1  681    -48.160    -20.894      8.611 4
  -1   -2    -64.611    -13.483      4.180 4
 583  799    -21.803    -20.854    -17.893 4
  -1  462    -11.298    -20.713     19.056 4
  -1 1157    -11.728      8.602      9.726 4
  -1  228    -37.001     29.648     -3.646 4
  -1   -2    -50.205    -18.016     10.686 4
  -1   -2      2.266     41.122    -17.438 4
  -1  433    -48.726     47.597     20.091 4
  -1   -2    -66.158     26.968     -1.705 4
  -1 1015     -3.376      2.137     20.729 4
 273  895     55.926     18.813      6.741 4
  -1   -2      9.527    -27.461    -15.511 4
  -1   -2    -41.514    -24.778     16.314 4
 971  666    -18.864      2.740     18.885 4
  -1  904      2.459    -15.343     -8.532 4
  -1   -2     14.617      3.853     14.946 4
  -1  506     45.265    -25.764      7.588 4
 978   -2    -15.764      5.384     -0.104 4
1101   -2     -6.005    -16.212     -2.198 4
  -1   -2     33.272     -6.229      2.252 4
 902   -2     32.352     47.854     -2.621 4
 463  459    -31.997     17.524     -1.564 4
  -1  830    -49.834     27.975     12.531 4
1096  977      6.193     44.134    -18.211 4
  -1  280    -37.899     34.159     14.128 4
  -1  810     43.599     11.291     -1.796 4
  -1   -2     22.000     27.984     21.681 4
  -1   -2    -53.594     50.392    -20.834 4
  -1   -2     -1.767     32.081    -18.530 4
  -1  993    -42.249    -15.928    -21.038 4
  -1   -2    -25.383     40.897    -19.684 4
  -1   -2     18.636     36.766    -16.519 4
 957   -2    -50.082      6.598      6.788 4
  -1   -2     31.121     16.283    -14.820 4
 478 1162     39.010     -5.643      0.515 4
  -1 1110     26.065     12.812     16.915 4
  -1  800    -37.505     41.471     18.252 4
  -1   -2    -61.991      6.199     -7.901 4
  -1   25     -5.583     -7.413      5.972 4
  -1   -2     13.432     48.210     18.796 4
  -1  441    -59.644    -12.034     13.400 4
  -1   -2     11.175     42.644     -9.242 4
  -1   -2    -24.173    -22.236      9.416 4
  -1   -2     11.533      2.481     17.746 4
  -1   -2     40.503     38.382    -15.558 4
 368   34    -24.224     46.070     11.385 4
1122   -2     12.223     47.590      0.808 4
  -1  383    -62.644     35.228     15.413 4
  -1   -2      4.406      6.343     16.903 4
  -1   -2    -18.926     24.980     16.973 4
  -1 1042    -64.221      3.934    -10.033 4
  -1   -2    -19.528     11.255    -11.639 4
  -1   -2     -1.657     45.372    -13.346 4
  -1  443    -49.261     25.866      7.245 4
1121   -2     -9.229     15.703     12.828 4
  -1   -2     18.151      8.323    -17.361 4
 264  754    -29.732     25.376     -2.873 4
  -1   -2    -58.927     35.623     20.784 4
  -1   -2     18.150     15.628     -2.333 4
  -1    5     21.258     33.557     12.884 4
  -1   -2     -3.805    -13.830     11.919 4
  -1   -2    -59.520     37.482     16.879 4
  -1   -2    -21.772    -16.800      9.901 4
  -1  168    -35.714     -6.281    -13.523 4
  -1   -2     44.210     -2.477      6.639 4
  -1   -2     24.665     14.375     20.480 4
  -1   -2    -33.104     20.946    -15.807 4
  -1  603    -14.563     32.929    -18.973 4
  -1   -2     14.816      5.598    -10.114 4
  -1  599     11.014      6.118      2.122 4
  -1   -2    -59.634     13.104     19.651 4
  -1  784     36.956      4.225    -13.806 4
1103   -2    -14.578    -30.424     -2.600 4
 490   -2     26.372     -9.206     -0.879 4
  -1  962     50.420     -8.751    -15.011 4
  -1   -2    -62.544    -14.233      8.508 4
  -1  587    -29.487     -8.428     -1.188 4
 681   -2    -17.626    -14.334     15.187 4
1073 1033    -57.444    -14.253     -7.372 4
  -1   -2      8.505     15.978     -1.351 4
  -1   -2    -34.573     35.278    -16.045 4
  -1  308      9.235    -21.411     12.843 4
  -1   -2    -58.680    -23.413     17.664 4
 541  956     49.519    -14.205     15.281 4
  -1 1138     -5.442     31.806    -20.309 4
 737   -2    -14.625    -18.392    -18.712 4
 806   -2     46.200     29.596     -5.249 4
  -1  455    -18.985     14.213    -11.263 4
  -1  167     -7.669     -4.280      5.956 4
 358   -2    -51.988      6.680     14.452 4
  -1   -2    -21.487    -23.709    -10.262 4
  -1   -2     13.471    -12.016    -14.495 4
  -1 1022    -10.277     13.950     -7.937 4
  -1  126    -56.890      9.115     19.525 4
  -1   -2     53.778    -19.012    -17.646 4
 530   -2      9.066    -24.073     -1.982 4
  -1  518    -49.048     -8.731     -2.030 4
 653  515    -24.612    -13.078     11.408 4
 364   -2     25.462      9.129     12.695 4
  -1  833     54.408    -37.279      9.146 4
 733  526    -57.363     -7.158     19.501 4
1117  621    -61.262     35.468    -16.564 4
 820 1122     39.295     57.844    -14.166 4
  -1   -2      5.575      4.249    -21.986 4
 921   -2      5.976    -15.614     14.522 4
  -1   -2    -24.011     51.780     -2.507 4
1068 1087     55.630     21.059     18.061 4
  -1 1112    -14.456    -25.083      3.702 4
  -1   -2    -58.175     12.361      1.954 4
 849   -2    -20.376    -30.449     -8.368 4
  -1  405    -31.913     49.033     18.439 4
  -1  628    -31.845     39.626     12.783 4
 726  507    -12.222      2.920     -9.229 4
  -1   -2     18.984     -3.540     -4.078 4
  -1 1043    -58.621    -28.026    -11.814 4
 813  949     41.599    -32.509     15.135 4
 626  716     18.862    -12.253     -1.773 4
  -1  254    -14.347     -2.042    -21.199 4
 267  888    -39.009    -16.525    -14.149 4
 224  257    -61.225     -0.132     15.343 4
  -1 1135     41.450    -26.107      3.848 4
1067  935     -1.629      8.641    -18.292 4
  -1 1017     -1.084     43.942     -8.857 4
  -1   -2    -11.622     35.493      2.673 4
  -1  503    -63.262     38.169    -18.011 4
  -1   -2    -15.317     -4.877    -16.284 4
  -1  864    -39.481     19.713    -14.997 4
  -1   -2     42.833     57.410    -19.258 4
  -1 1060     31.093    -19.273    -16.929 4
