560
 139    0    -29.743     29.008     10.578 4
  -1   -2     35.119     22.361      4.265 4
   0   52    -12.480     18.862      3.613 4
  -1   -2      5.726    -24.898    -11.698 4
   3   -2    -27.879     15.857      6.316 4
  -1   -2     36.641     11.680      4.781 4
  -1   -2     -2.050      0.902    -11.542 4
  -1    8      8.219    -28.133      2.397 4
  -1   -2    -15.447     20.593      4.080 4
  -1   -2     -4.073     21.770     -8.733 4
  -1   -2      7.172    -28.321      1.041 4
  -1   -2     19.942    -29.627     20.218 4
  -1   -2    -52.149     15.771    -11.956 4
  -1   -2      9.138     10.908    -14.384 4
  15   -2    -12.194     20.088      5.693 4
  -1   14     38.254     -2.883      1.924 4
  -1   -2    -22.315     25.485      2.080 4
  -1   -2    -24.615     22.954      7.209 4
  -1   -2    -48.649     16.196     -2.799 4
  -1   -2     12.516     20.299      3.736 4
  -1   -2    -22.751      5.489     15.073 4
  -1   -2     28.277     22.166      2.338 4
  -1   -2    -15.721      0.171    -17.580 4
  -1   -2     10.135     21.182      9.224 4
  -1   -2     28.024     -6.503      5.402 4
  32   76    -10.412     10.324      6.119 4
  -1   -2    -36.062    -17.542    -17.157 4
  -1   -2     -9.349     26.265      1.125 4
  48   12     22.134     15.979      7.946 4
  23  385    -49.028     -8.017      5.298 4
  -1   -2     12.580     19.350      8.852 4
  -1   -2     25.772    -12.849    -12.400 4
  -1   -2      7.080     17.127      5.267 4
  -1   -2    -27.353    -14.064     15.782 4
  -1   -2      4.272    -28.148     -2.442 4
  -1   -2     46.971      5.632     15.516 4
  -1   -2    -13.167      5.718      3.776 4
  -1   -2    -14.453      3.121      4.689 4
  -1   -2     21.769      3.396      6.672 4
  -1   -2     -3.622     12.047     -2.992 4
  24   -2     37.993     -3.381      0.200 4
  -1   -2    -36.147      0.013     -0.570 4
  -1   -2     -0.780     -1.971     12.276 4
  -1   -2     24.468     19.073      9.810 4
  -1   -2     11.315      5.540     17.066 4
  -1   -2     -0.077      0.868     14.384 4
  -1   -2    -18.109     29.063     -7.861 4
  -1   -2      9.975    -29.538      4.121 4
  -1   -2     -9.229     22.474      2.545 4
  -1   -2     18.397    -31.451     10.104 4
  -1   -2    -16.890     26.250      5.811 4
  -1   -2    -48.910     34.567     13.075 4
  -1   -2     17.055    -28.444     -4.873 4
  -1   -2    -11.507     25.591      4.516 4
  -1   -2     26.134    -28.679     18.388 4
  -1   -2     27.976    -30.246     18.412 4
  -1   -2    -40.792     23.630    -13.387 4
  -1   -2    -12.903     -0.441     11.507 4
  -1   -2      5.473    -28.240      0.262 4
  -1  114     16.290    -30.994     13.471 4
  -1   -2     36.955    -16.184     -3.650 4
  -1   -2    -24.646      9.180     12.298 4
 161  106    -38.598    -14.399     12.340 4
  -1   -2    -24.952      0.604     14.903 4
  72   -2    -51.721     13.307    -10.436 4
  -1   -2     35.426     27.779     -0.577 4
  55   80    -27.527     17.730      7.267 4
  -1   -2     -0.229    -28.542      4.884 4
  -1   -2    -21.742    -13.008    -20.228 4
  61   -2    -48.473     24.396     -2.862 4
  -1   -2     10.855     -3.696     14.672 4
  -1   -2     36.711     10.852     -6.795 4
  -1   -2     23.606    -28.428     20.195 4
  -1   -2    -44.840     14.374      6.250 4
  -1   -2     15.819    -10.915     16.785 4
 103   -2      0.204     22.407     18.390 4
  -1   -2     47.925     23.227      7.279 4
  -1   -2    -45.067    -14.765     15.616 4
  -1   -2    -39.520     34.329      3.370 4
 100   93     37.821     50.028     -2.327 4
  -1   -2    -57.976     -7.917    -13.075 4
  74   96      1.997     -6.390      6.445 4
  -1   -2      7.543     21.571      7.671 4
  -1   -2     15.792    -29.433     -8.571 4
  -1   -2    -55.134     16.967     -6.866 4
  -1   -2     13.522     20.003    -25.522 4
  -1   -2     20.224    -28.786     16.334 4
  -1   -2    -49.016     16.576      9.915 4
  -1   -2     -9.931    -29.223     15.310 4
  -1   -2    -35.785     36.232      1.722 4
  -1   -2     23.561     29.768      4.552 4
 481  543     10.696     21.639    -16.275 4
  -1   -2     11.007    -14.381     11.316 4
  -1   -2     -6.554    -26.755     -4.225 4
  -1   -2      0.389      3.390      7.269 4
 155  107    -45.115    -30.111      7.019 4
  -1   -2     23.762    -16.480      6.226 4
 107   90      6.443     13.075      9.351 4
  -1   -2    -47.336    -28.219    -18.200 4
  -1   -2     22.838    -30.716      4.639 4
  -1   -2    -26.602     30.409     10.252 4
  -1   -2     11.727      0.758      0.799 4
  -1   -2     26.130    -12.244      4.534 4
 143  185     21.180    -31.508     10.494 4
  -1   -2     -2.133     19.404      9.486 4
  -1   -2     38.040      5.390     -3.882 4
  -1   -2    -23.010     22.034     12.290 4
  -1   -2     36.979    -18.572     -3.750 4
 378  116    -52.835     19.015    -15.970 4
  -1   -2    -37.195     23.048     11.746 4
  -1   -2    -18.028     27.580      6.667 4
  -1   -2     15.494     30.929     -4.383 4
  -1   -2     34.836    -27.530     -6.200 4
  -1   -2     23.114     29.446      7.751 4
  -1   -2     32.410     -6.450     20.303 4
  -1   -2     36.824      4.575     -2.461 4
  -1   -2    -28.896    -16.129     14.154 4
  -1   -2     10.796    -12.987      7.537 4
  -1   -2    -48.431     20.474     -4.152 4
  -1   -2     23.441    -31.219      6.583 4
  -1   -2    -48.673     21.815     -0.234 4
  -1   -2     23.687      9.199     10.365 4
  -1   -2     11.573     16.892     12.626 4
  -1   -2    -20.889     14.948    -17.652 4
  -1   78     19.100    -31.180     11.130 4
  -1   -2     31.880    -31.081     14.447 4
  -1   -2     49.212    -18.863      7.281 4
  -1   -2     21.648     36.368     -9.509 4
 288  535      2.803     -9.241      9.863 4
 138  113     -8.729      3.417      5.425 4
  -1   -2    -21.191     39.268     -8.399 4
  -1   -2     36.712     18.518     14.945 4
 172  327    -23.133     -2.319    -18.426 4
  -1   -2      4.144     -7.105    -19.545 4
  -1   -2    -18.658     -7.594     20.161 4
  -1   -2    -46.811     29.007    -14.329 4
  -1   -2    -30.061    -13.582     19.589 4
  -1   -2     -6.688    -11.114      7.657 4
  -1   -2      8.988     28.859     10.071 4
  -1   -2     22.810     -1.902      7.931 4
  -1   -2    -38.327    -23.009     10.891 4
  -1   -2     -8.286     26.742      9.301 4
  -1   -2    -35.957     29.096      7.457 4
 236  533     19.141    -16.773      8.484 4
  -1   -2     10.016     21.354    -14.568 4
  -1   -2     26.610     13.413      5.630 4
  -1   -2     38.455      2.529     -4.964 4
  -1   -2     21.410     25.315     10.666 4
 276  534    -47.860      3.315     -8.632 4
  -1   -2      7.156     13.366     -4.056 4
  -1   -2     38.126      9.705      1.466 4
  -1   -2      0.765     -5.183     12.265 4
  -1   -2     37.538     -5.529      7.405 4
  -1   -2     39.316     29.320     10.394 4
  -1   -2    -40.324    -15.537      9.214 4
  -1   -2    -20.996     31.018      4.707 4
  -1   -2     -1.025     -1.306     -4.994 4
 123   -2    -50.113      8.260     13.566 4
  -1   -2     19.041    -11.692     10.324 4
  -1   -2    -47.430      7.524    -11.213 4
  -1   -2     -3.562     22.262     -9.480 4
  21   -2    -23.001     -1.690    -14.310 4
  -1   -2     26.618      1.114      5.776 4
 132   81    -19.241     13.479      4.483 4
  -1   -2     19.615     14.908      1.289 4
  -1   -2    -34.384     37.624     -9.716 4
  -1   -2      5.172    -18.051      9.814 4
  -1   -2    -51.296      5.609    -12.324 4
  -1   -2    -23.916    -23.398      3.014 4
  -1   -2    -33.614    -10.951     11.425 4
  -1   -2    -47.674     -0.422     -4.070 4
  -1   -2    -17.771    -14.441    -18.453 4
  -1   -2    -61.183     32.430      4.038 4
  -1   -2     15.161      6.886    -19.788 4
  -1   -2    -29.512     31.701     10.791 4
  -1   -2     23.959     15.118      2.068 4
  -1   -2     -2.719     -5.054     -0.273 4
  -1   -2     19.509     31.025      6.568 4
  -1   -2     24.060     31.686     -9.171 4
  -1   -2     38.314      1.109     -3.176 4
  -1   -2     26.646    -11.455     20.137 4
  -1   -2     -7.042    -15.162     12.486 4
  -1   -2    -61.003    -12.674     14.830 4
  -1   -2     19.105     34.546     10.772 4
  -1   -2    -20.371    -16.918     -7.962 4
  -1   -2    -11.296     11.181     -4.499 4
  -1   -2    -40.672     -8.349      6.384 4
  -1   -2     17.932      9.716     11.101 4
 168  182    -52.578      0.976      5.338 4
  -1   -2     -9.196    -10.864    -12.780 4
  -1   -2    -49.178    -10.824     11.549 4
 159   -2     10.708    -29.840      2.261 4
  -1   -2     -1.083    -25.040     10.056 4
  -1   -2    -27.104    -23.886     -0.045 4
  -1   -2    -33.558     35.315      7.871 4
  -1   -2     -6.731     -6.405     15.305 4
  -1   -2     20.334     32.345      6.512 4
  -1   -2    -58.580     32.367    -17.162 4
  -1   -2     12.834     -7.603     17.234 4
 273  296    -61.680     24.835     11.070 4
 407  541    -20.424     37.881    -10.743 4
  -1   -2    -20.763     -5.714     -4.460 4
  -1   -2    -29.389      9.151     -3.861 4
  -1   -2     18.803    -23.431      8.190 4
  -1   -2    -15.137     22.467    -18.712 4
 203  532    -23.363    -11.911     -9.540 4
  -1   -2    -20.688      1.990    -20.110 4
 312   -2      3.189    -11.763     10.845 4
  -1   -2     -0.458     27.613      8.219 4
  -1   -2     25.685      5.295      9.230 4
  -1   -2     13.792    -19.987     10.377 4
  96  225     19.922    -31.479      8.124 4
  -1   -2      5.879    -15.918      4.456 4
  -1   -2     17.897     -2.316     20.946 4
  -1   -2    -33.550    -17.020      0.589 4
  -1   -2    -18.038    -13.621     20.170 4
  -1   -2     -7.543     -7.748      1.775 4
  -1   -2    -22.887     34.727     12.734 4
  -1   -2    -21.531     32.171     13.505 4
  -1   -2     20.204    -31.152     12.405 4
  -1   -2     -8.631     14.027     13.754 4
  -1   -2     -7.087      2.089     15.238 4
  -1   -2     39.796     23.079    -10.510 4
  -1   -2    -18.258      9.046      6.716 4
  -1   -2    -41.468      1.858      5.261 4
  -1   -2      7.491    -29.687     -3.800 4
  -1   -2    -13.011     25.213      4.988 4
  -1   -2     23.903     15.453      6.397 4
  -1   -2     20.829      5.348     -7.426 4
  -1   -2     12.058    -24.888     12.120 4
  -1   -2      7.566     12.925     -0.598 4
 354  234     12.640     -7.604      3.996 4
  -1   -2    -47.766      8.922     -2.971 4
  -1   -2    -33.107     25.321    -18.267 4
  -1   -2      3.301     22.793      7.135 4
  -1   -2    -60.283     30.804     14.440 4
  -1   -2     12.669      1.479     -3.647 4
  -1   -2    -45.376      1.569      0.339 4
  -1   -2      2.264      8.077    -10.786 4
  -1   -2    -26.466    -13.902      1.232 4
  -1   -2    -18.555      1.253     16.372 4
  -1   -2     20.583    -21.123     -9.991 4
  -1   -2    -17.799      4.612    -14.414 4
  -1   -2    -16.427     -1.319      6.441 4
  -1   -2      4.871    -16.007      7.980 4
  -1   -2     42.881     12.116      5.823 4
  -1   -2    -44.834    -11.139      7.970 4
  -1   -2     -7.147    -29.782     16.542 4
  -1   -2    -29.583     -5.756     13.718 4
  -1   -2     -6.394    -13.232     11.401 4
  -1   -2     16.743     -1.536     16.463 4
  -1   -2    -41.351      4.274     11.917 4
  -1   -2    -18.112     29.204      8.751 4
  -1   -2    -49.184     28.970     -1.686 4
 212   -2      7.843     16.075      6.431 4
  -1   -2     -1.589     48.305      5.019 4
  -1   -2    -60.344     46.743      8.222 4
  -1   -2     37.862     -0.383      5.848 4
  -1   -2     46.613      7.425     13.871 4
  -1   -2    -28.192     16.278    -11.002 4
  -1   -2      2.341    -28.128     -1.231 4
  -1   -2     22.461      5.325      4.032 4
  -1   -2    -40.381    -22.118     13.531 4
  -1   -2    -48.720     26.168     -1.835 4
  -1   -2    -32.866     -6.054    -12.912 4
  -1   -2    -48.460      2.134     -1.395 4
  -1   -2    -48.713     16.298     16.583 4
  -1   -2      6.149     -5.328      7.320 4
  -1   -2    -48.886     17.294     -2.540 4
  -1   -2    -34.291     11.522    -15.907 4
  -1   -2    -24.949     -0.795      3.805 4
  -1   -2     -9.170    -11.814     -8.216 4
 275  347    -49.224     -0.862      2.384 4
  -1   -2     17.126     -1.950      9.473 4
  -1   -2     15.269    -31.435     16.683 4
 406  360    -20.636      4.299     10.574 4
  -1   -2     15.805     38.674     -6.961 4
  -1   -2     23.597     38.582     18.524 4
  -1   -2     19.822      0.141     -2.427 4
  -1   -2     -7.068     27.148      3.926 4
  -1   -2    -31.626      1.548      6.061 4
 356  537    -28.468      7.686      9.456 4
  -1   -2     -8.737     35.574    -13.947 4
  -1   -2     -5.731    -19.467      6.164 4
 376  538    -23.351     -3.359     -9.025 4
  -1   -2     32.241    -31.716     -1.576 4
  -1   -2     33.209    -25.027     16.821 4
  -1   -2    -14.626      7.195      9.651 4
  -1   -2     41.794     15.882     -1.868 4
  -1   -2     -4.492     25.889      2.627 4
  -1   -2    -33.718     -3.873      8.295 4
 458  265    -48.421     -2.695      4.121 4
  -1   -2     37.607    -11.790     -6.116 4
  -1   -2     21.311      8.190      8.115 4
  -1   -2     -9.033     -8.187      5.167 4
  -1   -2     13.443     36.236     -1.757 4
  -1   -2     16.009     33.125     -2.209 4
  -1   -2    -13.291     21.577    -11.784 4
  -1   -2     26.893     39.372     -0.501 4
  -1   -2    -59.351    -10.496     12.799 4
  -1   -2    -23.673     43.520    -17.228 4
  -1   -2      1.252     20.055     -2.212 4
  -1   -2     24.123     -2.389    -10.923 4
  -1   -2     31.377     -1.169     18.218 4
  -1   -2     17.306     28.094      5.885 4
  -1   -2    -53.450     35.580    -13.732 4
  -1   -2     17.536    -29.640     17.735 4
  -1   -2    -33.874     30.258     15.063 4
  -1   -2    -26.561     -3.621      2.653 4
  -1   -2    -30.861     -1.031     -7.914 4
 311  155    -17.590     44.232      7.799 4
  -1   -2      5.247     10.388      6.289 4
  -1   -2    -60.799    -12.060     12.255 4
  -1   -2    -31.803     -7.186    -12.355 4
  -1   -2     33.330    -32.686      2.720 4
  -1   -2    -14.457     25.985      6.206 4
  -1   -2     28.367    -14.561     -6.639 4
  -1   -2     25.417     12.625      9.502 4
  -1   -2     24.443      0.526      4.035 4
 391  328    -61.776      3.910     13.789 4
  -1   -2    -15.178    -24.237     18.488 4
  -1   -2     -9.593     15.739      9.311 4
  -1   -2      7.065    -10.932    -14.336 4
  -1   -2     37.575     25.386     -3.739 4
  -1   -2    -17.863    -10.730    -15.227 4
  -1   -2     36.838     12.299      2.086 4
 416  542    -49.665    -21.040     11.906 4
  -1   -2     -8.303    -21.163     18.970 4
 338  536    -57.841     -7.447     -0.244 4
  -1   -2    -26.279     22.000      4.238 4
  -1   -2     30.482     -2.795     13.930 4
  -1   -2     37.435      3.819      8.043 4
  -1   -2    -19.592      2.810      9.894 4
  -1   -2     27.204    -26.195      8.083 4
  -1   -2    -26.487     -6.348    -18.155 4
  -1   -2    -28.533     -8.050      5.316 4
  -1   -2     15.626    -26.321     -9.455 4
  -1   -2      4.295     16.963      6.506 4
  -1   -2    -11.822     20.074    -18.426 4
  -1   -2    -55.320     26.968    -14.581 4
  -1   -2    -26.262    -10.250    -19.769 4
  -1   -2    -28.314     29.427      7.455 4
  -1   -2      9.718    -17.360      3.186 4
  -1   -2      5.837      9.853      7.465 4
 210   -2    -48.177     10.598     -2.330 4
  -1   -2    -14.903    -12.724      8.015 4
  -1   -2     37.040      9.248     -1.147 4
  -1   -2    -42.574      3.149    -14.192 4
  -1   -2    -59.653     15.319     -7.230 4
  -1   -2     16.296     20.713      6.949 4
  -1   -2    -33.819     27.374      1.783 4
  -1   -2    -23.604      4.346    -18.593 4
  -1   -2    -60.533    -19.199    -12.936 4
  -1   -2      8.575     -1.900     18.185 4
  -1   -2    -10.443     10.294    -18.492 4
  -1   -2    -33.519    -25.377      6.595 4
 218   -2    -10.156     15.178     12.554 4
  -1   -2     10.636    -27.317      9.751 4
  -1   -2    -59.617      7.849      1.851 4
  -1   -2     22.038     21.106      8.063 4
  -1   -2    -19.321    -13.530     18.645 4
  -1   -2    -34.275     20.094     -5.601 4
  -1   -2    -19.162     16.549     17.799 4
  -1   -2    -23.864    -15.007      8.458 4
  -1   -2     30.311     -5.157     13.912 4
  -1   -2     12.329      0.636     19.807 4
  -1   -2     10.227    -25.531    -14.461 4
  -1   -2    -53.630    -11.833    -16.248 4
 309  318      7.884     -3.151    -15.650 4
 153   -2     -0.649    -18.524     -7.950 4
  -1   -2    -13.758      4.519     16.794 4
  -1   -2     23.892     18.480     -8.186 4
  -1   -2     26.645     -1.786    -11.026 4
  -1   -2    -20.290     36.923     -4.838 4
  -1   -2    -53.122    -19.418     18.242 4
  -1   -2     -3.167     15.260      5.433 4
  -1   -2     31.809    -26.545     15.461 4
  -1   -2    -29.076     44.546      4.740 4
  -1   -2     37.446     14.144     -4.185 4
  -1   -2    -48.735     18.480      2.586 4
  -1   -2     32.563     17.648     18.876 4
  -1   -2    -39.982     31.329     11.213 4
  -1   -2     -8.415     -8.883     -7.274 4
  -1   -2     19.912     -1.877    -15.524 4
  -1   -2    -35.923    -23.063     16.235 4
  -1   -2    -48.682     -4.948      6.304 4
  -1   -2     -4.915     -6.967     -6.459 4
  -1   -2      6.868      8.730     22.025 4
  -1   -2     -7.155    -24.653     14.053 4
  -1   -2     28.102     31.762     13.101 4
  -1   -2     21.840     -0.011     -4.379 4
  -1   -2     25.543    -30.106     13.154 4
  -1   -2     -0.565     26.851    -10.945 4
  -1   -2    -48.384     27.813      0.626 4
  -1   -2    -22.758     21.010    -10.665 4
  -1   -2     22.119      7.180      3.613 4
  -1   -2     22.400     -9.074      3.676 4
  -1   -2     15.110     13.907     18.280 4
  -1   -2      2.221    -18.322     13.273 4
  -1   -2     27.472    -10.354     12.153 4
  -1   -2    -26.125      2.591    -17.599 4
  -1   -2     10.896      3.110    -15.832 4
  -1   -2      1.176     18.221     -3.591 4
  -1   -2    -34.172    -21.064    -12.708 4
  -1   -2    -15.301      5.668     16.248 4
  -1   -2    -38.335     24.596      9.409 4
  -1   -2    -46.976     12.910    -13.365 4
  -1   -2     -2.311    -23.758    -18.690 4
  -1   -2     24.135      1.336      6.492 4
  -1   -2    -53.291     17.473      7.728 4
  -1   -2     10.113     22.362     11.117 4
  -1   -2    -13.560     15.671     11.907 4
  -1   -2    -29.495    -24.032     11.962 4
  -1   -2      8.287     35.509    -16.844 4
  -1   -2    -54.583     22.043     -3.601 4
  -1   -2      8.267      1.061     21.160 4
  -1   -2     20.136    -19.781      7.566 4
  -1   -2    -25.578     -8.753     -1.619 4
  -1   -2     -2.604    -21.206      0.227 4
  -1   -2     -0.930    -17.214      8.574 4
  -1   -2    -38.265     38.325     11.686 4
  -1   -2    -42.767     49.764    -12.279 4
  -1   -2     39.466    -17.690    -11.390 4
  -1   -2    -31.490     -3.266    -14.030 4
  -1   -2    -21.202    -13.461    -10.978 4
  -1   -2     21.364      1.563     20.183 4
  -1   -2    -49.207     26.036      0.614 4
  -1   -2     15.178     25.738     -6.560 4
 222  544    -48.160     -8.107     -8.096 4
  -1   -2    -22.345     46.246     11.104 4
  -1   -2     24.561    -14.453      4.347 4
 492  287    -10.869     21.287     12.761 4
  -1   -2     -0.391     -6.061     -5.582 4
  -1   -2     -6.680    -30.368     20.000 4
  -1   -2    -21.535    -21.029    -18.539 4
  -1   -2     39.327     -4.190     -3.461 4
  -1   -2     20.882    -30.156      8.409 4
  -1   -2      6.219     21.257      5.595 4
  -1   -2    -40.098    -16.194     18.143 4
  -1   -2      1.715     -7.478    -10.842 4
  -1   -2    -14.882    -23.081     15.753 4
  -1   -2    -18.383     -2.808     -0.877 4
  -1   -2     27.396     10.464      0.389 4
  -1   -2     12.883      5.436      6.367 4
  -1   -2    -34.467     33.694    -15.892 4
  -1   -2      0.260     -3.884     -6.512 4
  -1   -2    -46.245      8.225      6.191 4
  -1   -2     20.637    -26.716     -7.327 4
  -1   -2      7.687     33.250    -14.590 4
  -1   -2    -12.051     10.272      4.858 4
  -1   -2    -42.905    -17.144    -16.749 4
  -1   -2    -57.547     -1.308    -19.863 4
  -1   -2    -18.267     20.893    -14.111 4
 284  472    -53.259     10.747    -16.002 4
  -1   -2      7.057     32.333    -15.442 4
  -1   -2      3.328     29.938    -20.806 4
  -1   -2    -24.779     -4.326     -8.937 4
  -1   -2    -15.650     -3.258     12.255 4
  -1   -2     -4.961     11.522     -2.872 4
  -1   -2     31.668     12.154     19.920 4
  -1   -2    -49.436      4.640      5.363 4
  -1   -2    -51.823      8.877     -1.721 4
  -1   -2    -19.806    -17.321     -0.881 4
  -1   -2    -10.203    -27.918      5.911 4
  -1   -2    -19.080    -18.779     18.264 4
  -1   -2    -14.482      5.430      5.148 4
  -1   -2    -20.505      9.325    -11.351 4
  -1   -2    -10.634    -30.135      9.206 4
  -1   -2    -39.141     37.436      3.758 4
  -1   -2     -1.682    -20.913      5.824 4
  -1   -2    -16.047     50.047      9.120 4
  -1   -2     10.287     16.864    -14.300 4
  -1   -2     -8.970    -18.113      0.596 4
  -1   -2     17.288     -1.529     -6.538 4
  -1   -2    -34.455    -30.388     17.615 4
  -1   -2    -32.171     11.684     -1.870 4
  -1   -2     27.391     -3.345     -7.746 4
  -1   -2     -5.535    -17.509     -6.053 4
  -1   -2     27.185     18.958      0.591 4
  -1   -2    -42.100     18.055    -16.496 4
  -1   -2     41.543     22.060      0.866 4
  -1   -2     -0.155    -16.747    -16.444 4
  -1   -2    -19.010     14.031     16.901 4
  -1   -2      8.762    -31.753     12.536 4
  -1   -2    -52.047     24.395     -9.049 4
  -1   -2      4.349    -21.240      6.905 4
  -1   -2     15.080     29.083     -1.562 4
  -1   -2    -13.472      9.378    -19.332 4
  -1   -2    -17.666     -6.260    -12.799 4
  -1   -2     22.725     -6.773      2.220 4
  -1   -2      9.967      3.780     13.972 4
  -1   -2    -33.122    -25.595      0.133 4
  -1   -2    -18.976     15.487      9.946 4
  -1   -2    -47.423     15.497    -16.765 4
  -1   -2    -29.372      5.805      2.917 4
  -1   -2    -20.032    -11.215      0.619 4
 412   -2    -11.289      3.508    -10.856 4
  -1   -2     48.272    -15.357     10.427 4
  -1   -2    -32.974     39.736      5.315 4
 393  540    -18.020     18.560     14.237 4
  -1   -2    -51.552     29.822    -12.028 4
  -1   -2    -61.103     34.635     -2.781 4
  -1   -2    -49.100     12.863     -2.715 4
  -1   -2    -38.450     44.577      4.224 4
  -1   -2     10.503      8.204    -18.793 4
  -1   -2      4.187     -8.114     -0.238 4
  -1   -2     -3.197      2.057     21.109 4
  -1   -2     38.837     31.771     -2.020 4
  -1   -2    -26.360      3.104      6.931 4
  -1   -2     39.847     29.111     13.014 4
  -1   -2    -38.392     33.890     11.511 4
  -1   -2    -30.836      1.809    -16.753 4
  -1   -2    -39.140    -11.113     12.357 4
  -1   -2     -5.086     -9.265      3.335 4
  -1   -2    -25.773      4.450     14.384 4
  -1   -2     39.262     39.092    -16.494 4
  -1   -2     23.748     -4.772      3.081 4
  -1   -2     41.400     16.667      1.976 4
  -1   -2     -3.664     33.061    -17.809 4
  -1   -2    -57.862     -2.658    -13.167 4
  -1   -2      2.063     15.521     -1.702 4
  -1   -2    -52.369     -7.687    -19.792 4
  -1   -2    -17.587     22.490     -1.206 4
  -1   -2      1.031     -0.784      0.465 4
  -1   -2    -52.412     -1.212     -3.604 4
  -1   -2    -32.973     15.995      4.730 4
  -1   -2     17.104     32.413      3.673 4
  -1   -2     -5.373     -0.672    -17.914 4
  -1   -2    -28.191      1.810      6.073 4
  -1   -2    -33.653    -26.760      8.958 4
  -1   -2     23.175     50.777    -10.296 4
  -1   -2     17.615     11.083     -7.827 4
  -1   -2     -7.490     37.548     -0.106 4
  -1   -2     15.421     34.577     10.826 4
  -1   -2    -21.333     -6.704     -3.142 4
  -1   -2    -19.808     20.781      5.268 4
  -1   -2    -30.780     25.908      1.669 4
  -1   -2     -0.045     16.742    -11.170 4
  -1   -2     22.364    -25.816      0.604 4
  -1   -2     12.375     10.564     15.616 4
  -1   -2    -33.741     -5.427     -0.695 4
  -1   -2    -10.569     11.915     -4.447 4
  -1   -2    -30.435      0.639    -12.019 4
  -1   -2    -21.020     -6.124     18.203 4
  -1   -2     21.432      7.193     -0.270 4
  -1   -2     -4.794     11.532     -9.106 4
  -1   -2     26.219    -23.808     17.357 4
  -1   -2    -19.529     37.607     -2.044 4
  -1   -2     41.973     23.399     -8.785 4
  -1   -2     21.431      7.423     17.240 4
   4  177    -13.846     -8.491      7.930 2
 268  545    -39.010    -26.589      3.509 2
 299   -2      3.508     -9.615      7.106 2
 185   -2     38.283     34.333     -3.247 2
 111   20    -24.460      4.915      9.429 2
 258   -2     28.753     -7.974      9.307 2
 385  539    -11.315     -5.856    -14.328 2
 443   -2     19.031     23.692      8.612 2
  66   -2     18.765     31.236     13.536 2
 221   -2     -6.036      3.779    -14.049 2
