 692
   1    10.121    13.363     8.730  475  457  733  686
   2    21.976    41.479     8.778  113  121  198  150
   3   -26.150     0.935    13.097  652  628  995  944
   4    23.954    36.592     9.590  178  177  290  231
   5   -22.112    35.101    11.199  188  179  329  259
   6    21.928    31.851     6.238  237  228  382  310
   7    38.934    50.359     6.938   38   39   59   25
   8   -10.712    36.604     2.624  175  161  300  229
   9   -26.582    44.914    13.447   78   71  152  102
  10   -15.520    47.941    19.277   58   47  110   68
  11    -4.714    33.684     0.598  210  194  348  278
  12    13.575    16.074     4.238  445  425  673  630
  13    14.443   -32.023     6.000 1173 1053 1614 1602
  14     1.669    -6.576     6.421  795  739 1133 1094
  15   -11.570     1.952     3.799  643  622  944  904
  16    10.347   -14.607    10.370  924  847 1281 1285
  17     5.772     9.864    10.737  525  512  798  750
  18    38.251    11.267    -0.799  518  505  756  711
  19   -23.214    48.834     1.196   45   36   90   55
  20    37.540    22.850    11.063  349  345  554  495
  21     8.896    28.848    11.484  272  259  453  375
  22   -33.458   -10.420    11.117  843  776 1238 1190
  23    -5.320    36.832     3.858  172  160  291  227
  24     8.318    43.861    10.099   91   95  162  111
  25   -48.995    16.415    10.267  427  405  706  626
  26   -24.888     0.992    17.161  650  625 1007  951
  27    17.219   -12.694     4.400  905  820 1237 1242
  28    27.827   -30.634     6.558 1163 1022 1543 1548
  29   -16.919    44.049    22.128   92   93  169  120
  30   -48.239    34.075    11.203  207  182  360  279
  31   -11.986    19.076     4.624  400  380  641  574
  32   -16.660    26.497     7.896  297  276  501  428
  33     7.734    33.215    10.925  216  207  363  297
  34   -16.068   -20.719     6.854 1000  917 1403 1383
  35    28.952   -13.991     5.337  925  844 1252 1267
  36   -27.785    15.646     5.175  442  419  704  641
  37     6.468    13.174    11.763  481  458  747  692
  38    -9.975   -30.912     3.157 1149 1019 1579 1529
  39   -48.783     7.889    -4.079  544  527  841  765
  40   -35.763    29.329     6.644  265  241  456  364
  41   -27.245    17.531     5.758  414  395  668  602
  42    11.529    49.791    -8.998   34   35   68   32
  43    18.686   -31.224    11.317 1159 1020 1596 1594
  44     9.735   -30.300   -23.263 1172 1067 1489 1490
  45    39.266     4.005    11.623  622  603  897  878
  46     1.277    21.989    10.292  357  349  582  520
  47   -48.240    40.333    14.879  118  104  229  188
  48    19.158   -20.091     7.879 1002  915 1373 1384
  49   -20.790   -16.452     8.989  942  868 1342 1314
  50     7.408    13.503    -1.375  472  454  720  670
  51   -13.664     6.526     8.359  567  554  870  811
  52    -5.941    -6.922    11.138  796  737 1154 1117
  53     6.700   -23.888     0.514 1058  955 1428 1424
  54    -6.740   -15.045     9.774  926  853 1299 1288
  55    23.164   -31.170    -2.160 1161 1061 1547 1549
  56    19.342     8.871     8.672  545  529  807  772
  57     7.557    21.755     8.609  367  353  581  525
  58     2.128     2.885    11.130  630  605  937  898
  59    -4.516     2.747     9.191  632  609  939  894
  60   -12.955   -30.833     3.367 1147 1011 1594 1528
  61   -29.052   -12.093    11.749  873  797 1263 1231
  62     6.012   -28.804   -21.166 1141 1005 1453 1474
  63     8.080    35.123     8.275  192  186  318  250
  64    13.772   -10.181     9.557  858  783 1205 1197
  65   -13.948    50.032    -0.711   35   29   72   36
  66    -8.462   -20.626     9.850  999  916 1402 1392
  67    12.569     1.180     6.321  659  636  952  930
  68    -5.750    -9.123     6.557  830  765 1192 1159
  69   -18.202    44.408    10.369   82   80  159  108
  70   -29.510    31.750    11.440  230  210  402  326
  71    -0.451   -30.771    -7.928 1168 1058 1527 1514
  72   -36.990    22.871    10.430  335  321  578  492
  73   -44.894   -30.933     3.710 1132 1030 1622 1521
  74   -17.555   -29.936    13.974 1115  994 1613 1535
  75   -11.651    -9.833     5.880  845  774 1208 1177
  76   -48.900     0.952    11.391  644  624 1011  932
  77    -6.357   -19.597     8.329  986  907 1385 1369
  78    21.622   -12.520    10.010  898  812 1242 1250
  79    47.249    39.400    13.261  144  151  219  176
  80    17.677   -31.180    12.132 1157 1018 1611 1592
  81    41.740    27.439     4.090  292  288  459  397
  82     5.348   -16.094     7.061  949  869 1316 1311
  83     2.987    42.977     6.316   94   99  174  122
  84   -10.563    10.218     6.270  521  502  795  734
  85    13.633    18.903     7.625  407  390  637  578
  86   -49.563    30.401    -5.197  243  215  423  341
  87   -20.691   -20.487    11.679  994  913 1405 1388
  88    11.023    -8.694     8.969  828  761 1173 1160
  89    23.553   -21.648     6.543 1032  932 1396 1402
  90   -24.901    39.963     8.450  124  124  226  175
  91    16.487   -26.657     7.866 1107  971 1482 1486
  92    -4.450    -5.867    11.828  779  727 1132 1091
  93     4.972    -0.908    11.566  694  660 1020  993
  94   -13.960    39.103    -7.857  134  134  224  181
  95    14.463   -30.760   -20.348 1174 1082 1503 1498
  96    18.280    31.261    15.709  246  238  401  334
  97    11.722     9.095     6.720  534  520  806  764
  98    -8.371     3.325     4.817  623  596  925  879
  99     9.182    -4.141    12.656  747  703 1083 1054
 100    21.958     9.821    13.712  529  516  797  759
 101    12.855    12.729    11.673  487  468  749  699
 102   -29.258   -15.617    13.581  919  856 1340 1312
 103   -33.795    35.879   -15.712  168  158  306  236
 104    -6.700     2.281    17.126  637  614  962  921
 105    11.320    20.551    10.249  386  370  609  550
 106     4.569   -30.373   -19.597 1164 1050 1500 1499
 107   -33.219   -20.511    11.106  989  914 1411 1382
 108    11.060    38.085    11.209  156  155  265  209
 109   -20.858    31.479     2.507  239  217  396  315
 110   -60.486    30.254     5.193  247  216  441  351
 111    38.677     6.918    17.969  580  562  844  823
 112   -17.166   -14.637    10.908  914  842 1301 1280
 113    30.636    30.841     5.802  256  243  394  332
 114   -15.920    21.019     8.425  373  356  610  537
 115     1.744    32.694    -5.315  218  209  361  294
 116   -53.420    14.854   -21.666  444  429  698  618
 117    -3.913   -16.386     8.465  948  875 1331 1319
 118     1.054   -29.690    -7.476 1135 1007 1529 1494
 119    19.222    22.191     7.274  358  350  566  505
 120   -28.572   -18.215    10.547  966  892 1377 1351
 121   -15.800    -1.081    10.692  690  661 1033  989
 122    22.031    -5.749     2.523  789  730 1092 1073
 123    22.012   -19.327     9.086  996  904 1363 1377
 124    18.710   -17.115     7.932  970  884 1329 1335
 125   -20.421    -9.576     9.864  833  766 1220 1174
 126    22.650     7.213     7.201  568  553  834  796
 127    -8.580    -8.671     8.159  821  759 1188 1148
 128    -7.069    39.655     2.091  129  131  223  174
 129    13.241    22.323     6.468  354  346  565  503
 130    17.861    38.157   -10.962  148  152  239  190
 131    13.609     4.189     6.968  615  587  896  866
 132   -49.623    27.956     9.044  276  247  494  393
 133   -22.412    -4.061    11.954  730  695 1104 1044
 134   -29.156    33.518    -0.395  206  190  359  286
 135    39.063    -6.630     5.905  810  734 1105 1119
 136   -28.712   -26.251    -8.516 1087  969 1464 1440
 137    20.487    -4.210     8.637  748  710 1072 1050
 138    16.343    41.286    -2.715  109  117  196  148
 139    26.105     1.335    18.081  657  632  966  953
 140   -16.366   -17.609    10.506  960  888 1361 1344
 141    44.854    11.867     3.117  511  485  740  712
 142    36.523    34.895   -11.981  187  198  304  243
 143     7.972   -30.770   -18.409 1169 1086 1504 1507
 144    19.443    -0.516    11.154  691  657  993  987
 145    28.035    37.531    10.242  160  168  273  217
 146   -14.310    26.146     8.812  305  286  506  437
 147   -30.697    -5.971     9.888  768  725 1146 1084
 148    26.041   -12.233     7.661  895  810 1232 1245
 149    22.565   -28.404    17.777 1114  980 1546 1540
 150    39.441    26.102    20.754  316  302  499  448
 151    23.860    14.999     7.072  459  439  696  657
 152     3.561    41.954     3.031  103  106  188  142
 153    48.987    23.145     1.917  341  355  536  475
 154   -60.549    33.828    13.055  204  180  376  293
 155   -48.991   -21.418    -2.380 1012  927 1407 1365
 156    16.010     0.388    11.485  677  643  978  959
 157    -4.695    13.024     8.524  476  460  748  691
 158   -12.116    20.167     6.608  384  368  623  555
 159   -19.183     2.980    11.700  624  595  942  892
 160   -15.436    16.840     8.579  428  411  677  617
 161   -47.354     7.528    -1.325  539  534  872  770
 162    -0.733    23.675     9.210  332  317  547  476
 163     5.329    34.417     8.617  200  191  335  269
 164    10.533    -0.490     9.010  688  658  992  981
 165    -9.042     2.382    12.170  636  613  948  911
 166   -48.630     9.198    -1.952  522  508  819  746
 167    25.936    -3.256   -18.876  743  712  998  990
 168    10.740    -3.385     6.335  736  693 1054 1022
 169    37.626    27.362    -3.596  291  285  455  391
 170     8.707     3.201     8.176  628  600  923  890
 171    22.237    16.026    12.075  450  428  685  643
 172   -40.833    34.212     1.009  195  181  355  268
 173    -6.309    11.902     8.415  495  475  773  708
 174   -30.462    50.858   -11.634   22   24   52   20
 175    -6.032    23.150     6.039  338  324  558  479
 176    40.378     1.488   -13.714  660  647  915  883
 177    -4.215   -27.242    11.021 1094  977 1525 1497
 178    16.544    11.271     8.924  512  492  774  720
 179   -29.065   -14.970     5.829  920  849 1312 1272
 180    10.809     7.589     7.801  560  545  833  792
 181   -10.768    10.951    11.181  510  484  790  726
 182   -41.551    31.083    -4.309  244  206  407  324
 183   -60.606     5.391     3.387  576  557  910  826
 184   -16.473    -9.439     2.464  831  770 1200 1158
 185     2.602    26.698    10.687  299  282  493  423
 186   -53.028   -11.153   -14.249  850  792 1230 1161
 187   -45.645    15.302    21.023  454  406  743  664
 188   -23.383   -11.190     8.627  861  789 1241 1208
 189    -2.697   -12.933     7.398  894  816 1256 1247
 190   -15.900    23.904   -19.826  322  312  526  444
 191    27.214     3.196     7.133  635  610  911  891
 192   -24.744     9.244    12.569  526  513  823  769
 193   -59.579   -12.391    11.363  867  793 1288 1232
 194     5.114    -5.255    11.316  767  720 1111 1078
 195   -26.138   -22.357     9.241 1022  933 1437 1409
 196   -20.753    39.604    -7.668  122  126  218  170
 197   -61.956     3.280    10.308  607  582  958  882
 198    17.796    25.437     9.231  318  305  512  445
 199    16.034    40.856    13.375  120  128  206  158
 200   -31.652    -4.053    11.269  727  688 1108 1040
 201   -53.338    49.136   -11.589   42   25   89   49
 202   -48.147     5.616     3.852  571  560  903  810
 203    14.521    -3.014     3.353  732  687 1041 1011
 204    11.234    24.211     9.170  329  315  537  463
 205   -13.355   -25.117     0.693 1064  960 1454 1445
 206   -50.869   -29.042   -10.641 1113  996 1551 1473
 207   -22.714    -2.659   -22.058  720  694  994  969
 208   -32.694   -18.416    12.761  965  894 1393 1354
 209   -19.719    -1.699     9.252  697  669 1045  997
 210     3.713    23.014     9.602  340  330  560  485
 211   -30.469     0.918     2.584  654  630  977  922
 212    39.345    46.156    -0.372   63   82  118   74
 213   -33.619    -3.015     8.802  714  679 1079 1015
 214    37.935    24.624     1.984  326  320  513  450
 215   -26.731    30.452    11.385  251  230  429  345
 216    37.680    34.667    -0.467  196  199  316  252
 217    38.002    18.288    14.376  423  403  648  594
 218   -58.068    -7.811    -4.624  799  746 1178 1093
 219    -1.061     0.729     9.772  662  638  980  946
 220   -61.658   -15.667    14.364  910  846 1364 1301
 221    -2.284   -20.949     5.990 1006  925 1397 1389
 222     8.925   -11.657   -21.843  900  821 1175 1154
 223    29.816    21.503     3.828  372  364  570  527
 224   -22.981   -22.205    12.365 1014  930 1434 1414
 225   -29.492   -13.415     1.050  899  824 1268 1240
 226    39.378    -4.123    11.610  750  719 1064 1056
 227   -11.399     8.541     8.887  538  523  824  775
 228    38.604    -0.826    12.006  707  662  979 1001
 229     4.508    17.384     9.411  425  408  663  610
 230    -5.518    18.166     9.749  413  393  655  595
 231   -17.477    18.636     9.864  405  386  650  588
 232   -27.476   -12.838     9.306  884  809 1269 1243
 233     7.322    17.108     5.465  431  413  660  608
 234   -55.439    17.246   -14.627  408  391  670  580
 235   -30.530    28.869    12.081  270  246  469  377
 236   -24.077    12.157     3.426  492  465  767  700
 237   -19.650    37.210   -19.564  151  149  261  213
 238    27.149    34.786    15.430  197  197  325  266
 239   -28.650    -8.611     2.896  820  757 1197 1118
 240    29.067   -16.165    11.443  956  872 1302 1330
 241   -20.445    -3.372    11.652  719  682 1085 1027
 242    -7.848    26.822     7.208  294  277  491  420
 243   -34.201   -28.701    11.651 1106  987 1572 1515
 244     8.892    41.270   -11.562  104  112  190  147
 245     0.001    20.954     6.973  375  360  603  538
 246   -24.604    22.902     6.394  336  323  568  486
 247    25.619   -26.673     9.475 1103  975 1480 1492
 248   -16.421    -9.921     6.988  847  768 1218 1181
 249   -12.363     3.673     8.532  613  589  928  875
 250   -53.540   -22.704   -21.135 1031  952 1406 1360
 251   -20.656     4.654    13.032  596  572  917  864
 252   -60.628    47.270    -6.347   54   34  120   71
 253    26.703    40.213    -2.682  121  137  202  154
 254   -24.455     4.619     7.459  603  578  907  851
 255    14.412    -8.815     8.705  836  762 1174 1163
 256   -18.504    -5.553     8.845  765  723 1126 1072
 257   -47.693    -8.408   -10.065  806  755 1180 1102
 258    -1.755    43.209   -11.435   88   92  163  112
 259   -16.479     4.836    -4.134  595  581  887  827
 260    25.826    21.789    10.287  370  358  579  524
 261   -21.881    10.235     6.435  519  490  803  736
 262    40.645    40.225    10.504  133  141  210  163
 263   -24.473    45.973    11.206   69   64  136   87
 264    24.214    24.279     2.193  327  319  525  456
 265   -20.329    40.282    11.868  123  119  221  171
 266    11.980    -4.535     8.986  753  713 1084 1055
 267   -12.384    48.050    18.191   55   50  102   72
 268   -46.801    28.096    12.881  278  252  484  402
 269    -2.529    -0.992   -11.055  700  671  975  941
 270   -62.686    -8.448     6.375  802  747 1223 1136
 271   -39.645   -27.189    -0.927 1102  979 1508 1464
 272     1.322    39.189    14.618  139  142  250  187
 273   -56.196    37.194    -6.314  153  143  298  218
 274    -0.641    16.744     9.691  432  414  671  619
 275    16.436    -7.773    11.218  815  751 1158 1142
 276   -59.070    24.010     2.782  317  301  563  468
 277   -12.531   -16.325     8.756  938  867 1337 1321
 278    23.706    19.900     7.131  397  379  617  559
 279    38.590    51.692     8.518   23   32   40   10
 280    49.600    29.653     2.262  267  263  413  353
 281    30.019     6.548     3.766  589  565  835  803
 282    36.278   -26.080    -1.751 1111  968 1432 1471
 283    28.338     7.719   -10.153  556  561  799  778
 284    49.123   -14.682     4.845  943  860 1257 1289
 285    17.642    -2.039    12.683  716  677 1039 1005
 286    38.409   -21.448     3.959 1044  937 1367 1399
 287   -62.505    39.574    12.615  131  111  254  192
 288   -26.208     5.213    -6.496  591  568  883  809
 289    27.216    -9.948   -19.490  872  796 1128 1138
 290    50.542    30.530    -3.183  261  250  388  330
 291    16.920    28.268    15.285  288  269  463  388
 292    21.613    45.962     6.253   67   74  125   82
 293   -48.531   -20.716    12.854  992  910 1423 1394
 294   -25.616   -15.931    -2.807  944  864 1309 1276
 295   -56.971   -14.869   -20.983  930  862 1262 1225
 296    28.078    47.182   -10.565   52   67  100   67
 297   -17.510   -25.881    -3.728 1090  967 1456 1434
 298     5.498   -18.649    -1.399  983  899 1348 1350
 299   -12.074    38.485     1.781  140  144  272  196
 300     1.169   -16.246     9.215  941  870 1325 1332
 301    38.548    13.499     7.672  471  476  723  674
 302    50.130     4.650     4.917  617  594  862  858
 303    -2.721    30.454     3.090  262  226  404  342
 304   -58.470    35.288    15.861  180  162  351  264
 305     4.471    36.038     4.280  177  170  312  242
 306   -13.953    -2.639   -15.446  718  684 1013  986
 307   -33.464   -26.902   -13.712 1085  988 1481 1435
 308    34.430   -34.243    14.294 1181 1092 1636 1638
 309    -8.247    13.737    14.700  467  448  745  681
 310    26.428    18.660    -6.089  409  410  628  561
 311    20.762   -10.229    14.848  856  778 1212 1226
 312   -16.703    -3.701     2.044  735  689 1057 1026
 313    27.236    -8.419   -12.426  832  785 1119 1112
 314    47.771    -6.379   -22.904  816  758 1049 1036
 315     3.689     7.089    -1.313  565  551  832  791
 316   -48.562    -3.171     1.586  715  681 1080 1002
 317    23.047   -10.102    -2.652  864  790 1184 1151
 318    -3.427    -3.987    17.797  741  686 1097 1064
 319   -40.164   -22.209    14.340 1013  922 1449 1417
 320    29.817   -22.367     4.330 1036  945 1404 1419
 321    -9.843    15.001    16.378  455  433  731  656
 322   -16.234     7.936    17.655  547  537  855  793
 323   -58.080    -2.791   -20.354  702  696 1029  980
 324     0.460    27.614    -8.390  284  266  461  392
 325   -19.241    30.355    10.821  253  235  428  346
 326   -16.277     3.081     1.334  626  604  929  868
 327     3.824   -20.553     5.203 1001  918 1392 1391
 328   -17.895    10.611    16.112  509  493  805  739
 329    11.134    50.221     9.506   44   31   70   30
 330   -26.566    41.354   -12.073  101  107  192  151
 331   -58.847     7.018    -9.048  541  540  858  785
 332   -60.596     2.853   -13.670  612  601  933  856
 333    20.724    14.901     8.750  462  443  711  660
 334   -33.771    49.773    -2.746   40   23   80   45
 335    -8.425   -10.114     1.456  860  775 1202 1171
 336     0.679    18.528    -0.886  399  401  647  577
 337    13.451     5.481   -13.981  598  575  840  801
 338   -27.989    42.669     6.413   97   85  193  140
 339   -11.695    26.449    20.920  290  293  522  442
 340   -12.654    -5.152    11.050  751  716 1127 1061
 341   -34.101    16.148   -20.954  437  422  657  597
 342    16.667    28.155   -12.800  274  270  426  368
 343    28.767    12.103   -13.888  497  509  715  673
 344   -58.964   -26.990    -6.839 1075  981 1516 1458
 345   -56.777    41.506   -13.635   93   97  208  136
 346    50.696    -8.582    -6.378  846  784 1141 1127
 347    -0.927     9.056   -20.601  540  525  785  717
 348    16.574    35.132    18.680  191  184  333  270
 349   -13.049    33.299    -6.311  208  204  352  274
 350    -6.841   -25.673    12.125 1070  957 1496 1483
 351   -14.710    13.531    19.200  474  441  763  690
 352    12.149   -21.763    -3.565 1038  944 1372 1390
 353    -0.193    37.590    -5.615  146  164  280  207
 354   -16.681   -11.372    18.911  870  780 1248 1248
 355    48.573    20.828    -8.877  395  381  573  498
 356    -8.127     5.416    13.951  593  555  891  865
 357    14.496    33.584    -9.349  214  202  332  272
 358   -56.746   -24.064    -1.457 1052  948 1471 1408
 359   -12.240    -6.231   -19.782  798  736 1082 1039
 360    51.645     7.886     1.359  581  547  809  782
 361    49.793    -3.747   -11.168  761  733 1021  999
 362    38.537    41.822     4.138  110  118  184   -1
 363   -49.408    21.959     1.326   -1  327  599  504
 364   -14.870   -29.974    11.744   -1  995 1606 1533
 365    25.514   -32.248     3.441   -1 1071 1590 1605
 366    37.381    50.325     7.732   -1   41   62   24
 367    56.517    38.646     9.426   -1  163  230  189
 368   -48.898    18.175    13.984   -1  377  674  601
 369   -50.184    44.658    -0.014   -1   61  155  110
 370     9.431    13.398     8.526   -1  456  735  683
 371    50.854    41.506   -12.066  106   -1  175  131
 372    23.887   -28.729    18.622   -1  986 1544 1547
 373   -35.783    38.379     0.524  143   -1  268  204
 374   -45.181    54.397     4.681    3    8   17   -1
 375    35.065    -8.222     7.536  838  760 1143   -1
 376    34.044    -4.424    10.272  764  718 1071   -1
 377    36.149    11.319     0.269   -1  499  753  710
 378   -48.914    12.396     1.959   -1  449  769  701
 379    39.206    49.348    10.976   -1   46   84   41
 380    51.310    49.236    -1.768   -1   52   71   35
 381   -41.388   -31.442     9.293 1130 1021   -1 1542
 382   -51.950    42.369   -15.078   -1   89  185  125
 383    19.220   -31.108    18.598   -1 1001 1618 1623
 384    18.498   -29.679    -2.574   -1 1002 1515 1517
 385   -59.985    -5.440    10.936   -1  709 1160 1065
 386    23.478   -31.455     8.303   -1 1029 1576 1596
 387   -49.220   -10.971    10.222   -1  779 1254 1201
 388   -52.780     7.241     2.548   -1  536  867  786
 389    20.364   -31.446    12.173   -1 1017 1610 1613
 390   -48.862    14.996    14.176   -1  420  739  663
 391   -48.076    24.638     6.463  314  298   -1  454
 392    39.362   -32.069     9.805 1180   -1 1602 1622
 393   -49.516    20.815     1.174   -1  348  622  531
 394    33.894    53.184    -5.955   14   22   15   -1
 395    37.427    30.159   -16.511   -1  257  387  319
 396    38.596    53.884     2.263   13   21    3   -1
 397    35.722    10.992     4.011   -1  501  757  730
 398    17.710    -5.331     7.770   -1  726 1098 1075
 399   -35.239    40.900     7.668  114   -1  213  164
 400   -43.374   -29.558    -3.661   -1  998 1552 1502
 401   -52.187    19.914   -23.107  376  365   -1  519
 402    24.624   -31.531    -3.771   -1 1066 1549 1541
 403    12.673   -30.752    15.272   -1  999 1607 1591
 404   -24.913    17.154     7.874   -1  402  676  613
 405   -36.143    44.450    -6.064   71   -1  154  103
 406    -6.868    -6.842     9.521   -1  735 1151 1111
 407   -46.285     5.674    20.217   -1  550  931  848
 408    34.851   -11.072     9.453  876  799 1215   -1
 409    -3.549   -14.226     9.084   -1  839 1280 1271
 410    50.538    44.700     2.518   80   -1  137   89
 411    19.279   -31.961     6.767   -1 1057 1612 1593
 412    23.154    37.527    -1.774   -1  166  262  210
 413    16.418    53.985    -9.713    0   17   10   -1
 414    50.186    13.520     5.460  485   -1  713  679
 415   -45.958    37.313     7.950  157  146   -1  225
 416     8.318   -16.013    24.321   -1  859 1347 1349
 417   -47.881    27.709   -20.130   -1  253  472  369
 418   -49.130     9.870     9.663   -1  491  820  744
 419    53.515    38.087     9.477   -1  169  246  201
 420   -63.325     7.355    -1.878  549  530   -1  783
 421    39.529    29.064    20.762   -1  265  439  383
 422     2.770     8.509   -14.147  551  541   -1  740
 423    25.553   -32.945     6.022   -1 1084 1620 1627
 424    19.748   -31.287     5.293   -1 1024 1564 1574
 425    18.434    31.277     7.090   -1  233  391  325
 426   -12.302   -23.844    22.586 1041   -1 1488 1462
 427   -35.783    10.286    12.931  514   -1  816  742
 428    40.789    16.360   -17.109  448   -1  642  598
 429   -50.150    40.813    -0.207   -1  100  217  161
 430    38.101    38.157     2.536  155  157  245   -1
 431   -24.493    24.130   -25.776  323   -1  509  435
 432   -59.118    -5.522     9.281   -1  711 1157 1066
 433   -47.407   -30.962    -7.306   -1 1035 1603 1511
 434    25.005    24.268    17.411   -1  316  540  471
 435    48.595    42.918     6.828   98   -1  167  119
 436    35.774   -33.745   -18.356   -1 1102 1538 1575
 437   -38.741   -13.870    11.065   -1  815 1311 1262
 438    12.902    -0.247    19.967   -1  650 1017  996
 439   -48.948     2.110    19.985   -1  593 1006  926
 440    38.466    21.621     9.783   -1  361  556  541
 441    37.558     0.387    -8.319   -1  664  935  928
 442   -50.296    23.874    -0.057   -1  306  559  457
 443   -22.057    41.225     6.982   -1  105  204  155
 444    17.512   -23.605    10.909 1055   -1 1431 1438
 445    23.717    50.302     7.398   36   -1   65   28
 446   -25.631    20.378   -10.392  378  362   -1  526
 447    30.916    34.089    11.264   -1  205  334  275
 448    21.137   -31.503     1.327   -1 1046 1559 1562
 449    30.148    23.780    -5.300   -1  342  521  455
 450   -62.376    13.451   -19.374  463  438   -1  651
 451    52.636     4.927     9.602   -1  585  866  861
 452   -37.789    36.333   -13.546  161   -1  285  235
 453    12.350   -30.693    -4.428   -1 1028 1534 1524
 454    12.604    40.311    11.191   -1  133  212  168
 455   -49.552   -14.749     3.524   -1  843 1323 1254
 456   -49.599    26.735     1.050   -1  260  510  416
 457    47.570   -26.259     5.597 1108   -1 1448 1489
 458   -22.807    20.237    24.521  383  359   -1  576
 459    54.339    22.521     7.860   -1  357  545  496
 460   -21.667   -18.366    -9.776   -1  903 1343 1310
 461    55.350    13.836     9.416   -1  467  709  677
 462   -53.763    -0.836    13.149   -1  645 1046  994
 463    -8.167    42.295     3.762   -1  101  186  133
 464    36.126     6.017     6.084   -1  580  843  821
 465     9.601   -32.419     4.648   -1 1074 1619 1598
 466   -53.076     0.562   -22.467   -1  640  960  884
 467   -59.223    -8.078    11.167   -1  742 1219 1132
 468    50.982     2.470    12.805  649   -1  926  919
 469     7.402    16.050     6.989   -1  424  683  634
 470    36.968   -21.194     1.312   -1  926 1381 1393
 471   -52.917   -18.390   -19.563  972  902   -1 1296
 472    30.609   -19.272   -14.879 1015  921 1298   -1
 473     7.986     4.989    11.938  602   -1  892  859
 474   -65.354    32.643    -0.718  215  185   -1  300
 475    49.375     7.033     9.822  583   -1  825  808
 476    36.839   -15.777    -0.615   -1  879 1267 1290
 477    19.269    23.717    12.034   -1  328  544  472
 478     1.304    -6.762     5.104   -1  740 1130 1098
 479    35.836    -1.189   -16.944  717   -1  949  938
 480    10.627    -4.088    11.698   -1  706 1081 1052
 481   -45.505   -14.520    17.595   -1  827 1344 1282
 482   -52.391    39.732   -15.113  116  108   -1  169
 483    11.244    46.333    28.932   74   72  133   -1
 484    43.036    10.986    -2.237   -1  506  744  729
 485   -13.930    21.125    10.213   -1  354  611  539
 486   -49.836   -22.065    18.214   -1  923 1457 1421
 487   -33.132    48.095    -0.890   -1   38  105   60
 488   -36.119   -10.338   -24.813  857  794   -1 1105
 489    38.039   -24.325    21.757   -1  951 1451 1484
 490   -49.692   -29.851    -8.890   -1 1004 1558 1491
 491   -60.950    30.271    15.611   -1  219  468  350
 492   -39.878   -25.214    13.289 1048   -1 1512 1463
 493    53.333    19.147     8.359   -1  396  619  575
 494   -50.115    29.423     0.331   -1  231  462  356
 495    30.903   -23.966    -9.354 1065  962 1401   -1
 496    36.664    28.189    14.178   -1  271  449  396
 497    18.829    39.254    13.908   -1  147  234  186
 498    52.512    35.727    10.397   -1  192  302  239
 499    16.395   -22.575   -13.263 1050   -1 1387 1380
 500   -16.603    -1.892    17.565   -1  666 1068 1006
 501   -32.411   -15.415     6.468   -1  855 1326 1286
 502    23.241   -17.784     7.669   -1  893 1338 1353
 503   -51.710     8.216   -13.435   -1  528  830  733
 504    18.784    15.218    12.700  458  437   -1  658
 505   -18.715    -9.352     9.293   -1  764 1203 1176
 506   -50.298    30.039    -1.237   -1  223  446  338
 507   -53.213    27.722   -10.374   -1  249  485  374
 508    56.719    11.264    12.678   -1  515  762  724
 509    26.643   -24.973     9.695 1072   -1 1447 1472
 510   -49.533    -0.883     5.175   -1  651 1043  961
 511   -63.847    19.138    -0.142  392  367   -1  564
 512   -47.716    31.868    -5.009   -1  203  395  307
 513   -53.269     1.152     9.069   -1  618  996  931
 514   -50.850     5.784     2.652   -1  552  893  815
 515   -48.009     1.700    -9.642   -1  621  951  885
 516    15.834   -32.525     8.280   -1 1048 1625 1626
 517   -53.138    50.790   -22.220   -1   16   64   27
 518   -45.528   -23.141    12.876 1023   -1 1460 1430
 519   -27.974     1.301     0.387   -1  627  969  905
 520   -42.963    19.148    -6.363   -1  372  645  557
 521   -52.864    -7.642   -19.086   -1  756 1138 1053
 522     2.577   -12.277   -11.756   -1  829 1211 1194
 523   -49.753    -5.736     0.277   -1  724 1142 1047
 524   -20.792    -6.466   -23.948  801   -1 1075 1033
 525    56.066    -6.002     1.404   -1  748 1073 1089
 526   -60.208    -0.182   -19.481  672   -1  982  900
 527    -0.464   -22.114    -7.819   -1  943 1391 1385
 528    14.486   -22.703    21.129 1033  931   -1 1451
 529    14.837    48.140    22.618   57   54   -1   62
 530    47.428    -5.693    17.444  788   -1 1103 1125
 531     6.694    31.756   -29.035   -1  227  357  287
 532    28.063    -5.472   -12.866   -1  745 1063 1021
 533   -42.781    50.399    -5.990   24   -1   83   29
 534     7.347    31.077   -13.584   -1  237  392  301
 535     0.747   -14.475    11.022   -1  840 1291 1281
 536    15.022   -27.323    16.736   -1  973 1514 1516
 537   -61.909   -23.146     4.900 1024   -1 1459 1404
 538   -50.097     1.228    10.696   -1  617 1012  923
 539   -28.847   -17.696    10.027   -1  883 1368 1343
 540    35.559   -29.678   -19.145 1166 1041 1461   -1
 541    21.177    22.744    10.356   -1  340  561  493
 542   -22.815   -16.024    -3.201   -1  874 1314 1273
 543   -15.747    23.242     5.853   -1  314  555  489
 544   -10.493    36.980   -23.157   -1  153  263  216
 545    -9.948   -20.819    22.648   -1  911 1427 1415
 546    39.440    29.569     6.307   -1  261  414  359
 547     7.900    25.483     8.187  315  303  518   -1
 548    -7.618    34.808     4.661   -1  183  324  257
 549    15.440    53.882    15.216   15   20   14   -1
 550    17.545    51.630    18.834   31   33   44   -1
 551   -26.062     5.722   -27.136   -1  576  842  771
 552    43.113    -7.519     3.125  827   -1 1113 1130
 553   -49.372    25.888     2.868   -1  273  529  430
 554   -11.588    25.747     7.747   -1  295  516  439
 555   -39.360     5.476   -14.893  574  570   -1  788
 556     1.275    33.986     7.560   -1  193  343  283
 557     9.500    42.958    31.954   -1  102  187  138
 558    45.855    -9.453    23.404  853   -1 1196 1228
 559   -42.659   -15.861   -20.808   -1  881 1282 1235
 560    15.067     4.507    19.453   -1  579  906  889
 561    20.066    18.645   -22.802   -1  404  605  546
 562    40.322   -13.030   -17.670  917   -1 1195 1216
 563    15.729     2.690    20.106   -1  608  934  936
 564   -11.044   -15.872     4.188   -1  880 1308 1287
 565   -45.552   -31.909    11.919   -1 1047 1642 1553
 566   -50.122    32.978    -1.786   -1  189  380  299
 567    17.586    -0.423    -9.337   -1  667  968  933
 568    -2.325    37.254    -3.590   -1  156  275  221
 569   -48.756    -7.727    21.570  787  731   -1 1147
 570   -27.528    35.263    18.765   -1  172  338  267
 571    26.452   -10.594    -9.855   -1  811 1159 1167
 572   -20.861    13.298     7.528   -1  450  764  672
 573    42.671    16.331     1.688  447   -1  652  629
 574    -6.471   -19.186     6.275   -1  906 1371 1362
 575   -35.947    -2.292   -20.001  711  680   -1  950
 576    30.100    -0.917   -10.588  710  674  965   -1
 577    38.176    -0.478     7.032   -1  655  974  982
 578   -32.916    52.090     6.237   -1   18   49   15
 579   -20.082   -30.373    -7.624 1136 1027 1550   -1
 580   -62.737    25.502     9.170  300   -1  552  443
 581    -6.381    22.080    14.026   -1  335  601  521
 582   -59.843    37.423    16.413   -1  140  310  233
 583    53.367    19.391    -6.601   -1  399  593  549
 584    -1.053    45.457   -19.651   60   -1  126   84
 585   -41.944    -8.357     5.267  803  750   -1 1134
 586    -1.502    -1.711    22.844   -1  663 1051 1029
 587     5.841    39.542     6.289   -1  139  214  183
 588   -17.856   -15.566   -16.645   -1  886 1258 1249
 589   -12.431    35.195   -29.887  182   -1  294  226
 590    24.834    52.871   -13.112   17   19   18   -1
 591    39.267    16.445     9.533  456   -1  664  616
 592    19.094     5.127     8.925   -1  577  882  854
 593   -35.093    21.998    -9.784   -1  331  589  473
 594    21.053    16.558    17.760   -1  423  681  632
 595   -21.783    -2.095   -16.789   -1  683 1001  955
 596    11.438     2.683    12.149   -1  606  938  907
 597    10.082    35.699    -9.817   -1  187  297  232
 598    -9.175    22.231    23.134   -1  334  594  536
 599   -12.773    30.836    29.074  252   -1  448  354
 600   -14.380    -2.066    19.107   -1  670 1077 1009
 601   -24.193   -13.196    10.530   -1  807 1279 1252
 602   -47.768   -11.290    -8.507   -1  798 1234 1164
 603   -55.793    17.253     7.241   -1  397  688  603
 604   -52.983   -19.939    15.621   -1  905 1421 1376
 605    -9.817     2.272   -24.450   -1  631  895  849
 606    -1.244    -4.636    17.733   -1  704 1116 1076
 607     6.726    20.508    -3.798   -1  373  592  528
 608    -0.138   -25.829    -4.943   -1  976 1446 1439
 609   -40.255     8.516    10.931  528   -1  849  784
 610    17.942   -11.433   -19.774   -1  825 1171 1155
 611   -16.893    43.425   -35.700   -1   84  147  100
 612   -39.922    44.175    12.060   87   -1  166  116
 613   -34.484    12.399   -22.293  479   -1  734  668
 614   -33.660    -4.182    -9.433   -1  708 1078 1003
 615    22.313   -15.247    11.719   -1  851 1294 1309
 616   -15.979    -0.748     6.709   -1  652 1027  979
 617   -49.985   -18.915    -7.274   -1  909 1383 1304
 618     4.575    22.438    13.008   -1  333  574  517
 619   -49.354   -26.151    -0.412   -1  963 1506 1442
 620     2.798    11.179    16.013   -1  494  787  725
 621     0.825    11.681    -5.272  506  479   -1  696
 622    25.060    -9.678   -22.499   -1  805 1117 1116
 623   -52.211   -10.860   -11.687   -1  800 1225 1137
 624   -64.669   -10.820     1.297  852  769   -1 1188
 625    10.413     8.583    18.468   -1  522  818  797
 626    26.535     0.039   -19.292   -1  668  922  920
 627   -56.125   -27.925     7.624   -1  982 1567 1488
 628   -64.130    23.154    -6.532  331  310   -1  460
 629   -17.201   -15.029    10.870   -1  841 1321 1293
 630    25.264     7.081    21.699   -1  546  865  825
 631    15.751    48.234     5.598   -1   48   98   59
 632    10.930     7.406    14.426   -1  539  852  812
 633   -49.973    41.638     0.046   -1   96  209  146
 634   -28.831   -27.326    11.214   -1  972 1528 1501
 635     5.790    29.266   -18.700  260  262   -1  335
 636    39.308    24.047    19.480   -1  326  535  482
 637   -52.689    46.410   -19.563   -1   42  117   79
 638   -29.027    13.188     6.210   -1  444  754  689
 639   -31.036   -13.682     9.588   -1  813 1293 1259
 640    -1.334    50.841     6.993   28   27   69   -1
 641     7.133    34.951    32.615   -1  188  341  284
 642    39.814    -2.568    20.495   -1  678 1048 1045
 643   -58.709   -17.268    -2.339  940   -1 1362 1295
 644     7.003     6.002    -8.428   -1  574  837  794
 645    55.037    -8.820    -3.851   -1  788 1121 1143
 646   -29.870     8.013   -19.064  550   -1  804  747
 647   -39.901   -15.930    -6.593  950   -1 1306 1260
 648   -30.171    25.079   -10.254   -1  297  519  436
 649    48.241   -18.124     4.208  990  897   -1 1363
 650   -38.942   -18.511     4.942  967   -1 1384 1338
 651    45.151    32.355     6.818  220   -1  371  308
 652    54.177    27.620     6.770   -1  287  465  399
 653   -59.808    -0.668    23.363   -1  637 1061 1004
 654   -12.029    -9.394     6.295   -1  773 1185 1175
 655   -20.742    25.169    -4.527  309   -1  533  431
 656   -63.792    42.262     2.596  102   79   -1  134
 657   -13.823    16.538    12.810   -1  407  700  627
 658     5.958   -17.311    15.924   -1  871 1357 1355
 659    13.882    27.048     7.859  302  278   -1  406
 660   -34.747    26.813   -13.061   -1  280  486  380
 661   -22.082    -4.355     5.515   -1  697 1089 1051
 662    -1.444   -10.609   -23.275  877   -1 1149 1140
 663    31.701   -29.275    15.140 1128   -1 1539 1555
 664    18.602    -3.418    -3.377   -1  707 1036 1014
 665    45.283   -10.582   -20.444  889   -1 1122 1157
 666    -4.268    12.797    15.209  478  469   -1  698
 667   -36.556    12.186    13.476  486   -1  784  706
 668     7.187   -32.590     0.911   -1 1075 1615 1583
 669   -15.035    14.184   -20.125   -1  442  693  642
 670    -3.051    32.974   -10.440   -1  211  347  280
 671    47.907    24.414    -7.921  328  329  508   -1
 672    28.380    42.863   -11.434   -1  109  160  107
 673   -64.160     3.811    -6.111  599  584   -1  843
 674    -5.127   -31.960   -16.664   -1 1089 1556 1510
 675   -57.131     1.842    20.113   -1  612 1015  925
 676    -6.156    22.931    -3.162   -1  336  551  467
 677   -48.543    52.469     1.365   -1   13   41   12
 678   -18.143     3.555    -4.325   -1  597  904  860
 679   -27.912    -9.197   -14.569   -1  777 1168 1101
 680   -50.958   -23.665   -14.574   -1  953 1429 1387
 681     9.181   -14.591   -11.364  931  863   -1 1253
 682   -58.389    10.388   -11.975  503  488  789   -1
 683     0.775     6.602   -16.111  587  563   -1  773
 684    35.513   -26.310   -18.981 1119   -1 1418 1423
 685   -62.197    34.164    15.725   -1  167  384  295
 686     6.938   -24.418    14.387 1060   -1 1462 1455
 687   -20.420    10.780   -21.264   -1  489  765  695
 688   -58.378    12.592    -2.586   -1  459  778  667
 689   -33.275    -4.422    15.662   -1  702 1109 1071
 690   -26.235    52.695    -7.055    9   -1   32    4
 691    -0.236    16.261   -13.645  453   -1  649  604
 692   -37.712    -3.438     6.618   -1  676 1114 1010
