679
  -1   -2    -21.837     35.682      9.248
  -1   -2    -48.693     16.842     11.320
  -1    1      9.518     13.917     13.575
  -1   -2    -25.248     45.036      6.277
  -1    3     37.390     11.351      0.592
  -1   -2     21.813     30.518     10.361
  -1    2     23.676     35.433     13.221
  -1   -2    -47.854     34.412     11.359
  -1   -2    -14.323     43.402      6.065
  -1    8     21.828     40.626     12.314
  -1   11    -26.709     17.542      5.685
  -1   12      1.283     -6.544      7.407
  -1   -2     14.877    -30.533     16.018
  -1   -2     36.936     22.988     11.538
  -1   -2     13.383     16.058      7.430
  -1   14    -27.515     15.730      6.388
  -1   -2    -15.363     26.316      5.261
  -1   -2      7.296     29.539     17.687
  -1   -2    -49.190     30.054     -3.774
  -1   29    -11.326     19.302      2.117
  -1   -2     36.532     14.018     11.607
  -1   -2    -26.075      1.885     15.226
  -1   -2     23.795    -27.364     25.614
  -1   -2      7.284     33.571     14.635
  -1   38    -42.999    -29.585     -0.506
  -1   -2      6.887    -29.430     -5.984
  -1   -2    -30.998     28.582     10.191
  -1   28    -10.981     36.786      3.202
  -1   -2      1.357     22.337      4.229
  -1   26      5.383     10.513     14.163
  -1   42    -35.031     29.859      6.583
  -1   48    -15.521     21.407      7.322
  -1   -2    -47.128      8.118     -0.398
  -1   -2      7.717     13.372     -0.042
  -1   -2    -53.028     38.368    -10.866
  -1   32     -6.018     37.125      2.950
  -1   -2    -33.538     51.280      5.622
  -1   -2    -16.896     27.455      5.939
  -1   -2    -28.803     31.734      9.368
  -1   30    -11.168      2.067      5.954
  -1   18    -11.733     20.461      5.032
  -1   -2     12.530     22.053     10.535
  -1   -2    -16.121     39.936     12.250
  -1   -2      5.621     13.578     14.800
  -1   49    -16.763     47.534      7.164
  -1   -2     36.339     49.926      8.326
  -1   33     -5.373     34.139      1.729
  -1   -2      6.884    -28.054    -20.161
  -1   -2      9.372     21.022     18.094
  -1   72    -26.212     30.509      8.720
  -1   -2     -0.509    -30.133     -3.275
  -1   61    -60.159      5.800     10.328
  -1   -2     -7.820    -28.416    -16.482
  -1   22     18.600     22.054     11.309
  -1   -2     40.299     -5.610     17.989
  -1   -2    -34.480     10.151     12.247
  -1   -2    -44.862    -31.200     20.797
  -1   -2    -32.829     -8.825     16.710
  -1   -2    -58.714     23.976      4.346
  -1   77     19.112      8.935     12.396
  -1   -2    -48.766      6.187      6.913
  -1   -2     23.295     23.226     11.263
  -1   -2     34.972     28.138      5.044
  -1   51    -60.254     33.776     13.025
  -1   -2    -13.082    -29.072     21.711
  -1   -2    -24.398     13.521    -22.653
  -1   -2     37.626      6.438      8.490
  -1   -2    -11.367     25.849      5.901
  -1   59    -22.690     48.483     -0.414
  -1   -2     40.122      0.993    -12.924
  -1   -2     41.128     28.357      8.594
  -1   -2    -51.153     13.292    -14.757
  -1  107    -15.411     17.215      7.665
  -1   57      8.796    -13.995     13.003
  -1   63     15.178    -12.478      7.942
  -1  116     12.930     18.899     12.026
  -1   -2     -6.500     18.046      6.453
  -1   -2     37.941     -9.303     -1.015
  -1  144      1.523     27.443     10.437
  -1   52     -7.756      3.708      6.286
  -1   -2    -48.734     10.324     14.429
  -1   -2     38.288     45.274     -1.957
  -1   -2    -12.924    -18.562    -17.871
  -1   -2    -20.858     42.814      8.867
  -1   94    -54.942     -7.788     16.789
  -1   -2     24.515    -28.662     20.683
  -1   -2     21.378    -30.061      7.797
  -1   80    -13.659      7.343      9.218
  -1   -2      6.010     22.749     16.038
  -1   -2     22.393     11.810      8.271
  -1   -2    -60.026     30.451     11.585
  -1   -2     15.844    -29.856    -13.005
  -1  124     38.065     -5.987      0.115
  -1   -2    -40.541     33.625     -2.189
  -1  115    -16.489     -0.029      4.585
  -1   -2     11.099     -3.511      8.345
  -1   -2    -19.607     32.128     12.674
  -1   -2    -38.925    -25.293     17.918
  -1   -2    -14.147     36.805      6.192
  -1   -2     -7.333     -8.928      0.752
  -1  166     23.338     19.130     10.224
  -1   -2    -16.922    -25.069    -11.366
  -1  108      1.946      3.686     13.893
  -1   -2      8.566     43.447     12.347
  -1   -2      8.544    -12.022    -18.220
  -1   -2    -56.587     18.614     12.124
  -1   -2    -44.735    -14.654     18.132
  -1   -2     -7.544     39.799      3.885
  -1   -2     31.070    -28.704     19.732
  -1   -2    -32.073    -19.873     15.373
  -1   -2    -11.174      3.236    -16.641
  -1   -2     30.571    -30.757     20.882
  -1   -2     24.750     36.787     12.150
  -1   -2     17.186    -28.722     -7.366
  -1   -2    -24.142      5.783     13.108
  -1   -2    -49.502    -11.045      7.349
  -1   -2    -32.866      1.912     17.660
  -1   -2    -55.004      3.885     16.405
  -1   -2     13.731     41.785     16.658
  -1   -2    -50.644     42.124    -18.229
  -1  119    -10.615     10.782      7.100
  -1  161     11.565      9.223      9.592
  -1  117     12.817      1.489      9.971
  -1   -2     16.762    -20.325      9.226
  -1   -2     10.750    -30.737    -14.251
  -1   -2    -55.456     -0.016     -6.832
  -1   -2     -8.559    -14.131      9.096
  -1   -2    -31.703    -14.751     -6.209
  -1   -2    -42.323    -25.387     -6.702
  -1   -2    -20.463    -14.411      3.035
  -1   -2     26.032    -13.361     14.918
  -1   -2    -48.687      4.982     12.109
  -1   -2    -27.066     -3.433      9.491
  -1   -2     -5.875     -6.798     10.151
  -1   -2     13.466      5.057      7.995
  -1   -2    -48.856     24.863      7.931
  -1   -2     13.483     47.259     10.321
  -1   -2    -12.956     47.081      6.779
  -1   -2    -28.191     -7.780     10.587
  -1   -2    -20.855    -15.429     14.725
  -1   -2    -28.986     33.354     -0.524
  -1   -2    -12.808     49.394     -2.613
  -1   -2    -11.028    -15.606      8.539
  -1   -2    -11.493    -23.489      1.401
  -1   -2    -27.994     49.434     -8.675
  -1   -2     17.767    -17.364      9.102
  -1   -2     -5.600     18.860      6.945
  -1   -2     -8.783    -29.795     15.554
  -1   -2     23.020     -9.104    -10.445
  -1   -2     22.002     21.500      8.933
  -1   -2    -30.412     42.015      9.497
  -1  194    -61.600      3.631     13.239
  -1   -2    -23.758     39.403    -20.047
  -1   -2    -49.363      0.395      6.622
  -1  205    -61.588    -13.081      6.872
  -1   -2     49.418     37.874    -12.875
  -1   -2      4.389     47.873      8.272
  -1   -2     48.097     23.289     -1.924
  -1   -2     11.609    -25.126    -17.586
  -1  281    -11.527      9.426     10.120
  -1   -2    -16.964     29.655      7.341
  -1   -2    -20.554    -27.540     -5.831
  -1   -2     25.141     21.267     18.472
  -1   -2    -61.361     32.511     11.179
  -1   -2     36.461    -18.669      1.121
  -1   -2      3.663     18.263     12.800
  -1  139     20.523     -4.803      9.921
  -1   -2     -2.943    -20.154     12.933
  -1   -2     37.088     18.385      8.841
  -1   -2      4.719     35.856     10.199
  -1  109    -24.382     39.788      5.631
  -1   -2    -39.052    -20.650     21.066
  -1   -2      4.514     -0.404     14.674
  -1   -2     38.281     21.498     13.573
  -1   -2     35.134     27.055     12.767
  -1   -2    -28.678     -6.935     -7.274
  -1   -2    -15.007     -2.596     12.034
  -1   -2     11.289    -29.408      8.059
  -1   -2    -49.354    -15.793      8.773
  -1   -2    -12.567    -10.778     12.957
  -1   -2     11.888     49.053     -2.341
  -1   -2     17.594    -27.256      2.970
  -1   -2    -34.798     -5.998     17.452
  -1   -2     48.230     13.026     -9.847
  -1   -2     -8.491     27.778     11.155
  -1   -2     13.907      2.885      7.994
  -1   -2     -5.063    -16.807     10.710
  -1   -2      2.535    -25.400     -7.367
  -1   -2    -62.380     39.282      7.732
  -1   -2     -0.097     23.880     -4.875
  -1   -2    -11.320     -8.878     11.222
  -1   -2     38.259     36.563     -2.330
  -1   -2      1.784     -4.842     10.394
  -1   -2     11.350     -8.732     13.868
  -1   -2      2.822     25.085     14.202
  -1   -2    -26.933      5.975      4.724
  -1   -2    -15.941     23.029     -2.751
  -1   -2     20.374     -3.163    -17.145
  -1   -2    -16.940     42.731    -17.128
  -1   -2    -19.441    -27.041     23.014
  -1   -2    -60.030      2.552    -11.025
  -1   -2     10.040     42.689    -21.233
  -1   -2     22.729     14.901     16.932
  -1   -2    -26.591     22.613      1.229
  -1   -2     39.059     39.503     11.996
  -1   -2     13.854     12.405     10.178
  -1   -2     30.900     33.920     22.577
  -1   -2    -28.182     13.041      8.601
  -1   -2      6.983     51.609      6.323
  -1  150    -28.883    -11.070     16.843
  -1   -2    -21.621     38.201      6.607
  -1   -2     27.344    -26.306     20.534
  -1  258     13.989     -2.787      6.761
  -1   -2    -17.928     -1.938      9.996
  -1   -2     13.752     -0.211    -23.158
  -1   -2     15.381      9.994     -1.004
  -1   -2     17.798    -18.510     17.056
  -1   -2     17.038      0.489     17.416
  -1   -2    -49.157     27.146     11.361
  -1   -2      0.438     18.908    -14.331
  -1   -2    -38.401    -14.235      9.866
  -1  225     49.179     31.113     -0.463
  -1   -2     13.966      3.890      6.806
  -1   -2    -27.536    -25.060      9.157
  -1   -2     12.036     -9.401     17.599
  -1   -2     28.514     35.886      2.203
  -1   -2    -24.817      9.980     13.305
  -1   -2      4.497     43.205     21.154
  -1   -2     -7.136    -30.333     11.452
  -1   -2    -23.211    -10.396     13.917
  -1   -2    -50.404    -20.932      1.871
  -1   -2    -47.975     -6.244     13.007
  -1   -2     17.248    -29.585     18.729
  -1   -2     -6.417     12.641      8.795
  -1   -2     27.992     -8.668     -0.020
  -1   -2     25.391     -3.745    -20.479
  -1   -2    -14.731      0.429    -20.467
  -1   -2    -56.166      6.238    -15.179
  -1   -2     -3.265     30.593    -22.455
  -1   -2     16.626     40.816     21.218
  -1   -2    -61.925     -8.240     12.197
  -1   -2    -32.466    -12.965     16.903
  -1   -2     37.665     -3.136     10.924
  -1   -2     50.605      5.054      2.518
  -1   -2     22.359     16.928     -4.259
  -1   -2    -33.053      5.109     12.964
  -1   -2     36.327     -4.128      2.012
  -1   -2    -52.213      9.704    -17.548
  -1   -2      0.570     32.747      2.328
  -1   -2    -53.014    -21.467     22.429
  -1   -2     25.153      2.341     14.618
  -1   -2      7.643      8.526     19.623
  -1  250    -61.264    -15.434     16.877
  -1   -2    -21.893     20.430     -3.643
  -1   -2    -29.035    -14.044      9.032
  -1   -2     49.035     26.092    -13.165
  -1   -2      5.928     -4.736     14.145
  -1   -2     38.183     -0.164     11.641
  -1   -2      0.699      4.446     11.612
  -1   -2     -1.037      1.372     12.473
  -1   -2    -18.072     -4.918     12.404
  -1  240    -52.363    -18.980     24.142
  -1   -2    -22.061     10.515      5.616
  -1   -2      6.267     42.232     22.510
  -1   -2    -17.132    -11.828    -10.941
  -1   -2    -25.127     13.035     -3.200
  -1   -2     48.835     30.209      3.388
  -1   -2     18.534     33.042     -4.746
  -1   -2     -2.715    -11.168      7.231
  -1   -2     34.752     -7.857     -7.908
  -1   -2    -22.752     -3.033     13.269
  -1   -2      4.130     38.891     -9.393
  -1   -2     17.511    -21.637    -10.086
  -1   -2    -49.629     50.888    -10.938
  -1   -2     49.223     -7.728     -4.602
  -1   -2      5.883     38.541     14.443
  -1   -2     12.655     -0.493     19.047
  -1   -2      4.636     -4.843     13.537
  -1   -2    -18.442      5.950     12.225
  -1   -2     -4.686     37.657     -8.303
  -1   -2      5.701     15.619    -30.145
  -1   -2      8.961    -23.532     16.688
  -1   -2     13.893     -7.850    -18.502
  -1   -2    -51.321    -28.406    -10.576
  -1   -2     19.483     -5.302     -5.916
  -1   -2     10.618      7.812     10.635
  -1   -2    -17.147     13.934     17.229
  -1   -2     28.712    -29.606      5.230
  -1   -2      5.711    -16.469     10.446
  -1   -2     -2.638     -2.796     12.478
  -1   -2     -4.472     47.351    -14.446
  -1   -2    -57.435     -2.507    -12.397
  -1   -2     37.435     37.243     17.657
  -1   -2     27.404     47.298     -4.987
  -1   -2      5.283     28.647    -28.021
  -1   -2     39.343    -22.047     12.859
  -1   -2     21.290     16.329     19.628
  -1   -2     -5.156     -4.597     14.777
  -1   -2    -28.856      2.975     17.908
  -1   -2     17.982    -14.647    -10.362
  -1   -2     26.367     -4.685    -15.125
  -1   -2     28.420    -19.909     -8.917
  -1   -2     26.902     41.575    -18.922
  -1   -2      3.325     40.670      3.653
  -1   -2     21.171    -16.410     11.087
  -1   -2      9.786    -13.061     12.884
  -1   -2      8.439      2.396      2.496
  -1   -2    -13.192     31.558     -5.617
  -1   -2     20.808    -10.517     12.769
  -1   -2     -3.340     -1.879    -14.199
  -1   -2     17.543     36.950     -1.082
  -1   -2     31.559     34.993      7.537
  -1   -2     41.180     -2.125    -13.275
  -1   -2    -11.985     12.546     -5.081
  -1   -2     -1.998    -25.280      0.354
  -1   -2    -59.123     47.398      5.606
  -1   -2    -23.387     35.909    -16.433
  -1   -2    -27.760    -20.338     19.136
  -1   -2     -1.565     -3.768     21.648
  -1   -2    -59.474     37.430     16.155
  -1   -2    -48.407     -3.320     15.926
  -1   -2    -44.842    -11.915     22.212
  -1   -2     17.635     50.060      7.561
  -1   -2     -6.427     13.135    -24.189
  -1   -2     -4.887     13.486     -1.004
  -1   -2     28.686    -23.977      6.943
  -1   -2     24.529     -8.420     17.657
  -1   -2    -23.101     12.030     16.541
  -1   -2     28.959     28.774     -2.432
  -1   -2      1.095    -20.544     18.586
  -1   -2      4.501    -18.681     -3.701
  -1   -2     28.199     51.337     -2.346
  -1   -2    -16.338    -27.115     24.680
  -1   -2     44.062     47.087      6.056
  -1   -2    -56.988    -26.358      4.527
  -1   -2     50.169      9.533      5.519
  -1   -2     52.097     15.195     -3.249
  -1   -2    -12.641     -8.612    -16.057
  -1   -2    -34.084    -19.372    -17.417
  -1   -2     25.667     44.479     -4.396
  -1   -2     27.875     -6.804    -10.611
  -1   -2      4.016    -13.777     -0.840
  -1   -2    -48.326    -19.005      8.956
  -1   -2    -59.822     13.173      8.632
  -1   -2     40.258     13.848    -17.181
  -1   -2    -58.499    -17.344     -9.122
  -1   -2     -9.354     -2.774     19.971
  -1   -2     -3.512     43.781     -6.205
  -1   -2    -55.729    -23.044     -5.511
  -1   -2     23.782    -31.043      2.453
  -1   24    -29.126     28.576      9.620
  -1  332     36.259     11.356      2.008
  -1  348    -48.813     18.260     14.277
  -1   -2      2.106    -28.582    -11.802
  -1   -2    -50.590     26.824    -10.864
  -1   -2     38.580     49.156     -2.642
  -1   -2     26.779    -31.646     10.018
  -1   -2      1.762     -6.554      7.158
  -1   -2     20.356    -31.880      6.439
  -1   -2    -40.658      1.275     18.056
  -1   -2     53.728     19.597      9.628
  -1   -2     14.885    -31.675     14.969
  -1   -2     24.716    -31.896      6.432
  -1   -2    -30.105      0.991      3.345
  -1   -2    -48.394     15.291     15.934
  -1   -2    -47.384     44.163      9.275
  -1   -2     19.498    -31.853      6.236
  -1   -2     18.365    -32.145      4.898
  -1   -2     38.218    -24.187     21.852
  -1   -2    -48.659     19.492      6.979
  -1   -2    -50.155    -25.775     -4.165
  -1   -2     15.433     42.611     17.190
  -1   -2     37.058     19.981      4.535
  -1   -2    -51.683     19.342    -12.519
  -1   -2     19.443    -30.878     21.012
  -1   -2    -48.664     25.842      6.117
  -1   -2     55.876     47.967      8.729
  -1   -2    -47.818     28.694     18.100
  -1   -2    -48.837     22.185      3.731
  -1   -2    -13.926     38.509      7.540
  -1   -2     18.367     40.823      7.412
  -1   -2    -51.523     30.307    -14.266
  -1   -2     39.931      4.528     14.873
  -1   -2    -49.331      7.909     10.754
  -1   -2      8.002    -31.034    -22.032
  -1   -2    -31.863     29.525      6.004
  -1   -2    -11.336     35.407    -19.077
  -1   -2     -8.955     34.941     -5.668
  -1   -2     21.228     46.830     11.328
  -1   -2    -53.022      8.224     14.709
  -1   -2    -36.303     12.564     13.078
  -1   -2     30.816     54.735     23.825
  -1   -2    -34.742     17.102     -7.211
  -1   -2    -27.896     46.154      6.055
  -1   -2     28.805      4.858      0.796
  -1   -2    -10.933    -25.714      8.747
  -1   -2    -14.189     38.882      7.318
  -1   -2     38.482     47.655     -6.183
  -1  403    -49.105     -0.448      7.171
  -1   -2     36.226     45.449     -5.065
  -1   -2    -49.636     32.956     -0.639
  -1   -2    -38.300     37.921      5.520
  -1   -2     26.742      6.782     25.453
  -1   -2    -49.758     49.482     -3.557
  -1   -2    -38.054     40.189      0.199
  -1   -2    -12.898     18.696      6.374
  -1   -2     17.084      3.464      8.047
  -1   -2     55.089     -5.108      8.863
  -1   -2     39.165    -32.642      6.558
  -1   -2     22.612    -31.968      5.268
  -1  387     57.345     11.948     14.946
  -1   -2    -50.775     40.680     -7.281
  -1   -2     21.051     27.832     19.085
  -1   -2     19.596     30.925     10.676
  -1   -2    -36.343     23.288     17.262
  -1   -2    -59.435     -5.062     14.175
  -1   -2     36.915     10.216     12.799
  -1   -2     24.739     41.231      2.587
  -1   -2    -62.280      7.626      1.888
  -1   -2    -49.894    -14.460     -2.460
  -1   -2    -12.034      4.231      8.713
  -1   -2     -8.766    -30.616    -13.066
  -1   -2     35.640    -33.594    -15.250
  -1   -2    -58.607     -5.191     12.222
  -1   -2     38.763    -14.796    -10.830
  -1   -2    -11.467    -30.592     19.865
  -1   -2     35.290     51.495     -3.709
  -1   -2     35.335     -3.725    -14.133
  -1   -2     54.666     -7.251      9.361
  -1   -2    -12.364      6.801      8.539
  -1   -2     -7.953    -15.054     12.784
  -1   -2     17.073    -32.006     12.109
  -1   -2     56.119     21.277     15.283
  -1   -2     18.818     25.601     13.276
  -1   -2    -44.261     53.412     -1.891
  -1   -2    -17.197     40.874      0.447
  -1   -2      9.516     34.929     12.820
  -1   -2     13.460     13.202      6.501
  -1   -2     -0.556    -31.092    -13.929
  -1   -2     10.988     -4.097     14.756
  -1   -2    -49.573     40.399      1.247
  -1  424     47.251     42.640      7.912
  -1   -2    -48.944     23.769     21.372
  -1   -2    -29.798     37.303     -9.581
  -1   -2    -14.015     38.878    -10.377
  -1   -2     28.456     22.530     -7.506
  -1   -2     21.193    -30.820     18.837
  -1   -2    -49.604     39.043     -0.054
  -1   -2     15.709     33.549     14.205
  -1   -2     41.729     16.858    -10.359
  -1   -2    -18.627    -12.953     19.424
  -1   -2    -56.727    -29.263      5.053
  -1   -2      9.204    -30.767    -23.786
  -1   -2    -27.066    -12.943     24.417
  -1   -2    -14.541     31.418      9.993
  -1   -2      2.740     23.718      9.540
  -1   -2      0.511     10.689      3.589
  -1   -2     -9.627      9.861      9.176
  -1   -2     12.381     26.039     -4.807
  -1   -2    -35.741     48.394    -16.242
  -1   -2     27.891     18.664      6.185
  -1   -2    -39.796     13.093     10.261
  -1   -2    -49.775    -22.320     12.046
  -1   -2     54.593     49.611     16.626
  -1   -2    -56.753     17.323      3.246
  -1   -2      8.093     49.692     -2.514
  -1   -2    -19.983    -19.560     13.900
  -1   -2    -15.665      0.123     12.472
  -1   -2    -32.381    -28.596      9.771
  -1   -2     15.915     51.001    -11.177
  -1   -2    -49.003      8.364    -15.239
  -1   -2     -7.426    -20.490      5.858
  -1   -2     50.371    -14.352     10.898
  -1   -2     -8.475     22.822      0.649
  -1   -2     16.463      0.140      8.754
  -1   -2     -2.114     22.224    -13.614
  -1   -2    -48.031    -23.191    -11.804
  -1   -2     34.123    -24.789      9.790
  -1   -2     11.989     27.945    -11.516
  -1   -2    -16.274     13.566    -24.069
  -1   -2      8.764    -26.435     -1.867
  -1   -2    -29.128     50.926      9.500
  -1   -2    -34.275     -4.189    -15.654
  -1   -2     34.385    -26.721    -19.455
  -1   -2     55.860     14.427     11.343
  -1   -2    -30.887     50.873    -24.042
  -1   -2    -47.738     11.082     -8.951
  -1   -2     24.618    -25.756     11.860
  -1   -2    -55.817     16.729     10.001
  -1   -2     43.416    -22.341      9.697
  -1   -2     22.600      9.859     16.765
  -1   -2    -49.447    -24.018     22.480
  -1   -2    -48.767     37.213     22.035
  -1   -2      2.884     48.427    -12.373
  -1   -2    -53.221     17.475      8.963
  -1   -2     -4.768     46.239     24.016
  -1   -2    -19.141    -15.778    -15.043
  -1   -2    -50.499      6.276      6.260
  -1   -2     31.842     -0.128     20.838
  -1   -2     15.531     25.696     -5.153
  -1   -2    -49.643     -8.399     14.613
  -1   -2     26.989      5.735    -14.432
  -1   -2     38.040    -20.768     10.230
  -1   -2     15.062     -3.411    -20.213
  -1   -2     15.237     -0.225      2.222
  -1  539     54.637     27.956      7.632
  -1   -2    -45.846    -30.597      5.165
  -1   -2    -13.219    -27.988     20.650
  -1   -2    -14.348      6.349     12.984
  -1   -2     -6.541     -9.645      5.477
  -1   -2    -50.777     38.490     16.272
  -1   -2      5.998     10.207      5.608
  -1   -2    -25.837     -3.680      9.461
  -1   -2     39.633     28.805      9.356
  -1   -2     26.036     35.948    -11.506
  -1   -2    -13.229     17.060     12.730
  -1   -2    -26.993     35.609     13.790
  -1   -2     24.701     45.064     21.505
  -1   -2    -45.273     50.907     13.093
  -1   -2    -51.847    -11.253    -10.333
  -1   -2     47.754      8.243     13.123
  -1   -2    -49.826     23.997      1.423
  -1   -2     26.409     39.379     11.887
  -1   -2     39.506     11.660    -18.407
  -1   -2     -5.941    -18.311     27.209
  -1   -2    -14.280    -11.120     -9.924
  -1   -2     10.310     16.621     11.677
  -1   -2     15.373     10.003     13.735
  -1   -2     24.470     22.726     -0.144
  -1   -2    -44.524     -9.961     21.475
  -1   -2    -48.527     47.134      5.683
  -1   -2      8.696     20.818     13.137
  -1   -2    -49.301      5.945     15.374
  -1   -2     38.734     38.193      8.210
  -1   -2     29.809     29.427    -11.794
  -1   -2    -21.306     -0.875    -12.367
  -1   -2    -62.531    -10.057     15.464
  -1   -2     27.120     33.343      5.519
  -1   -2    -59.386     -1.002    -16.518
  -1   -2    -54.855    -11.285     11.662
  -1   -2    -13.455    -15.844     10.778
  -1   -2     49.393     31.899     -5.997
  -1   -2    -49.405    -17.131      1.887
  -1   -2      8.469    -13.988    -18.134
  -1   -2      5.918    -29.665    -16.301
  -1   -2    -61.065     13.482    -13.413
  -1   -2     30.619     -8.909      5.366
  -1   -2    -57.105      1.678     -0.363
  -1   -2      6.524     33.958     15.962
  -1   -2     27.959     18.574     -6.376
  -1   -2    -29.306     17.926    -14.730
  -1   -2    -61.064     23.001     11.948
  -1   -2    -28.408    -21.873    -16.389
  -1   -2     36.634     38.657      7.434
  -1   -2    -34.920     46.113    -19.843
  -1   -2    -34.428     13.074    -17.877
  -1   -2    -50.011      8.794     -2.187
  -1   -2     52.446     38.223      7.436
  -1   -2    -59.376    -10.975     10.821
  -1   -2    -54.268    -24.820      0.450
  -1   -2    -34.371     -9.172    -18.307
  -1   -2    -19.698    -22.168      0.210
  -1   -2     37.157    -19.039      9.611
  -1   -2    -16.841     36.152      7.711
  -1   -2     12.561     10.544     16.202
  -1   -2    -47.051     43.297     20.500
  -1   -2    -18.622     -6.517    -14.859
  -1   -2    -11.737     -1.314     -1.370
  -1   -2    -50.683    -19.246    -14.103
  -1   -2     43.014     20.999     -5.057
  -1   -2    -25.514      5.903     -5.235
  -1   -2      1.922     30.846     24.618
  -1   -2    -28.978    -13.228     17.026
  -1   -2    -16.393    -28.386     24.249
  -1   -2    -44.931     37.294      0.569
  -1   -2    -19.899    -15.658     -6.593
  -1   -2     -6.352    -15.417     -0.744
  -1   -2    -49.547      1.552     11.410
  -1   -2     11.922      1.398      8.480
  -1   -2      6.167    -30.872    -17.249
  -1   -2    -62.522      3.065    -15.045
  -1   -2    -43.243     18.541    -20.118
  -1   -2     38.762     32.047     15.327
  -1   -2     -8.250     -7.076      9.686
  -1   -2    -37.188    -23.788      3.436
  -1   -2     -7.016      2.356     13.989
  -1   -2    -22.935     33.095     -8.464
  -1   -2    -16.031     44.838     15.982
  -1   -2    -13.914     -2.115     15.072
  -1   -2     19.070    -24.485      4.485
  -1   -2    -36.582    -30.397     -3.224
  -1   -2    -18.616      2.983     -7.120
  -1   -2     15.563    -10.575     23.951
  -1   -2    -52.247     -6.849    -12.402
  -1   -2     48.530      5.519    -15.970
  -1   -2      3.410     25.541    -28.228
  -1   -2    -21.470     15.102    -21.182
  -1   -2      3.006      7.473     16.001
  -1   -2     30.413     43.549    -10.913
  -1   -2    -30.011    -26.627     12.368
  -1   -2     23.593     16.125     28.606
  -1   -2     -5.571     30.273    -40.620
  -1   -2    -12.921     -9.245     -4.402
  -1   -2    -28.934     13.386      8.342
  -1   -2    -49.645     30.549      1.148
  -1   -2    -56.447      2.323     23.620
  -1   -2    -24.508    -24.052     -6.338
  -1   -2    -61.672      8.545      0.966
  -1   -2     -1.667     43.777      8.250
  -1   -2     42.609     49.093    -16.921
  -1   -2      7.097     30.208    -17.203
  -1   -2      0.603      6.752    -18.022
  -1   -2      9.957      4.765     -2.332
  -1   -2      9.697     22.434      8.858
  -1   -2     10.037    -20.119      4.913
  -1   -2     21.176     51.267     -7.430
  -1   -2     16.498      3.695     23.447
  -1   -2     50.497    -13.095    -12.335
  -1   -2    -31.009    -26.131    -17.149
  -1   -2    -48.370     -2.711      2.157
  -1   -2     -5.869     34.303     -8.803
  -1   -2     25.851     49.033    -17.133
  -1   -2      7.322     27.299     17.531
  -1   -2    -59.090     12.723     -8.054
  -1   -2     11.648     46.199     -0.855
  -1   -2     -1.377      8.086    -18.848
  -1   -2     11.324     49.243      9.895
  -1   -2     38.027    -26.418    -20.377
  -1   -2     -9.758     51.448      1.138
  -1   -2     30.533     29.657     11.360
  -1   -2      9.339     42.254     22.708
  -1   -2    -14.790    -24.453      4.589
  -1   -2      2.092    -17.800     17.092
  -1   -2     18.611     10.773     21.503
  -1   -2    -62.743     43.001      7.197
  -1   -2    -21.024     11.534     23.197
  -1   -2    -57.080     43.622    -25.337
  -1   -2     49.297      5.502     10.228
  -1   -2    -40.601     31.491     15.610
  -1   -2     39.230     39.727    -10.305
  -1   -2     27.102     17.345     15.857
  -1   -2    -28.002      3.808    -17.368
  -1   -2    -56.521    -20.390    -11.790
  -1   -2     30.642    -12.196     10.259
  -1   -2     11.688     38.485     11.407
  -1   -2      9.452    -31.983      7.741
  -1   -2    -55.861     30.212     19.908
  -1   -2     13.906     35.508    -11.450
  -1   -2    -63.244     25.236     -5.143
  -1   -2     11.974    -18.207     -0.930
  -1   -2      1.532    -15.699     20.507
  -1   -2     15.020     -8.157     15.902
  -1   -2    -25.720      1.912    -17.086
  -1   -2    -61.655    -18.694    -14.099
  -1   -2     44.264     30.678      3.727
  -1   -2     17.695     31.597      3.847
  -1   -2    -33.285     16.648     19.547
  -1   -2    -35.436      4.378     19.504
  -1   -2     43.462     37.169     25.936
  -1   -2      0.716     38.167     25.759
  -1   -2     49.701    -17.103     15.159
  -1   -2     14.520     -3.416     21.031
  -1   -2    -61.359    -15.594     -2.475
  -1   -2    -54.558     41.427    -10.539
  -1   -2    -44.600     46.179      4.122
  -1   -2     39.305     -1.002     19.539
  -1   -2     -6.214     38.024     -0.194
  -1   -2     37.529     40.451      6.020
  -1   -2    -25.038     43.620      8.605
  -1   -2      4.734    -19.565     20.420
  -1   -2     -2.207     -4.434      8.502
  -1   -2    -61.776     34.027     17.042
  -1   -2      9.758     24.802     10.759
  -1   -2     50.026     36.479      5.254
  -1   -2    -61.687     51.315      9.030
  -1   -2    -49.873     12.580     -3.503
  -1   -2     -9.057     26.588     -2.039
  -1   -2     55.166    -17.696      5.842
  -1   -2     37.469     52.756      3.898
