1126
  28   -2      9.985     13.324      8.832
  -1   -2     21.805     41.933      9.015
  -1   -2    -26.158      0.781     13.536
   2    2     23.699     37.124      9.301
  -1   -2     38.971     50.307      9.218
  -1   -2     -0.294    -32.065      6.569
  -1    4     38.168     23.085     17.117
  15    3     -5.014     33.433      1.305
   6    7    -10.819     36.504      4.250
  -1   -2     21.650     32.589      9.449
   3   -2    -22.207     34.758     12.388
  14   14    -23.267     48.742      1.014
  -1   -2     38.236     11.177     -0.495
  -1   -2    -19.846     44.931     46.417
  -1   -2    -19.913     31.192     -4.391
  23 1025    -33.551    -10.909     12.073
  20   12      5.552      9.821     10.615
  13   18     -5.369     36.654      5.200
 182   57     14.960    -32.080      8.256
  -1   -2      7.476    -31.259     12.495
  -1   -2    -11.901      2.083      3.664
  -1   -2     10.890    -14.653     10.313
  22   -2    -17.945     47.816     11.217
  -1   -2    -12.348     18.926      4.303
  -1   -2     11.443    -31.224     11.331
  -1   -2      8.342     44.064     11.863
  16 1021      8.927     28.830     11.822
  -1   -2    -35.976     29.118      7.199
  -1   -2    -15.439    -21.043      7.223
  -1   -2     13.455     16.186      3.903
  -1   -2    -28.032     15.722      5.245
  66   45      1.952      2.773     11.075
  59   27     -7.128     39.597      3.714
  35   32      6.304     13.224     12.528
  45 1033    -47.540      7.712     -8.507
  38   31    -17.197     26.382      8.062
 357   -2      1.795     -6.541      6.531
  17   -2    -26.949     44.702     13.816
  34 1029     17.924    -12.503      4.283
  -1   -2    -25.390      0.723     17.210
  29   35    -27.449     17.544      5.585
  -1   -2     18.765    -23.254     10.776
  26 1027      7.636     33.180     11.525
  49   33     10.881     49.907    -10.679
  39   46      1.385     21.747     10.895
  -1   -2     26.030    -28.114     20.793
  56   88     19.023      9.048      8.478
  -1   -2     36.899     11.262      8.181
  -1   -2     11.733     37.441      6.670
  -1  115     29.275    -13.360      5.090
  48   52      7.549     21.545      8.568
  -1   -2     26.921     37.743      1.967
  -1   -2     47.102     39.249     13.549
  77 1096    -17.592    -29.981     14.140
  41   50    -29.743     31.719     12.048
  -1   -2     11.247     20.777     10.664
  -1   -2    -16.187     20.901      9.018
  -1   -2     12.433      1.259      6.388
  -1   -2     -6.182    -14.906      9.350
  -1   -2     20.283    -19.833      7.565
  -1   -2    -37.287     22.871     11.401
  -1   -2     16.688    -31.967      2.182
  -1   -2    -13.700      6.372      8.746
  47 1097     34.302     22.953     17.706
  -1   -2    -29.153    -12.289     11.873
  58   -2    -14.010     47.417      6.906
  -1   -2    -18.312     44.342     11.196
  53   39     -5.989     -7.137     11.008
 115   67      8.909    -11.444    -21.806
  55   47     -4.857      2.702      9.083
  -1   -2      7.769    -23.533      0.647
  -1   -2    -21.640      4.622      6.779
  -1   -2    -14.575     39.101     -4.639
  -1   -2    -49.732     33.647     13.256
  -1   -2    -12.266     20.048      7.218
  -1   -2    -20.131    -20.396     11.620
 103   79    -60.407     30.427      7.617
  -1   -2    -24.960     45.741     12.230
  72   -2    -43.883    -30.737     -3.383
  -1   -2     27.796     40.881      9.727
  -1   -2    -38.545    -13.906     14.161
  -1   -2     -7.258     42.348      5.918
  54 1036    -14.320     50.006     -1.964
  -1   -2    -19.762     37.644    -18.834
  -1   -2    -22.065    -22.364     11.976
  -1   -2     21.006     42.206     18.339
 167   -2     21.656    -12.335      9.371
  -1   -2      7.794     35.297      8.705
  -1   -2     -6.955      2.109     16.757
  -1   -2     -8.755      3.274      4.641
  -1   -2    -48.550      8.233     19.055
  98   42      2.749     43.195      7.069
  -1   -2    -25.536     40.336     19.141
  75   51     19.615    -31.695      2.209
  -1   -2     18.507    -31.356     11.562
  -1   -2     12.348     40.307      9.596
  -1   -2      6.565    -29.404     -9.525
 106   68     12.742     12.854     11.570
  -1   -2     23.162    -19.006      8.901
 179  183    -24.745      9.096     12.823
  -1   -2     42.633     27.238     11.846
  -1   -2    -48.208     40.257     13.677
  -1   -2    -11.598    -10.093      8.686
  80   -2    -62.079     43.232     15.658
 152 1065     21.726      9.891     13.364
  -1   -2     -2.608     22.021    -12.566
  -1   -2      4.854     -0.838     11.446
  -1   -2    -32.955     29.827      7.601
  -1   -2     14.445    -30.724    -19.687
  -1   -2    -30.065     28.961     11.449
  -1   -2     13.455     47.341      9.370
  -1   -2     27.477    -31.339     12.502
  -1   -2     23.009     25.054      7.336
  -1   -2     13.065     22.633      6.431
  62 1041    -20.626    -16.707      8.855
  -1   -2    -30.331     50.834    -11.454
  -1   -2    -15.535     16.757      9.010
  -1   -2     25.590      1.391     18.699
 111   81    -60.438     33.983     13.484
 126 1056      8.942     -4.174     11.383
  -1   -2    -10.612     10.075      6.332
  -1   -2      0.104     44.886      7.686
 574  162    -61.847     24.638      9.265
  -1   -2     38.768     10.590     16.633
  -1   -2    -22.659     46.195     11.201
  -1   -2     29.728     37.736      6.452
  -1   -2     11.895    -23.641     11.914
 112   -2      1.531     32.780     -4.991
  -1   -2      4.502    -30.429    -18.582
  -1   -2     36.548     49.705      4.320
  -1   -2    -29.074     33.505     -0.143
  -1   -2      2.755     42.575     15.974
 242 1080    -53.334     15.061    -16.068
 221   -2    -49.656     -0.628      4.419
  -1   -2    -28.774     -4.941     13.787
  -1   -2    -16.901    -14.945     10.845
  -1   -2     -8.680     -8.927      7.898
  -1   -2      5.148     -5.161     10.972
  -1   -2    -28.063    -13.982     16.559
  86 1044     13.482     19.098      7.379
  74   -2     17.724     38.580    -10.076
  -1   -2      5.949    -15.677      7.504
 795 1094    -32.725      0.844     10.286
  -1   -2     -1.967    -26.239      0.343
  -1   -2    -23.854     50.067     14.282
 148 1064     19.121    -16.976      7.928
 145   85     -6.082     22.773      6.687
 134  197    -22.511     -4.228     11.913
 199   89     22.120     16.195     11.718
  -1   -2    -61.489     35.172     10.310
  -1   -2     23.621     15.467      8.316
  -1   -2    -16.100     -1.405      8.269
  -1   -2    -12.591      3.465      8.530
  -1   -2      9.895     30.280      7.123
 168 1068    -26.807     30.434     12.263
  -1   -2     15.887     40.897     12.885
 102  177     11.198     -8.569      8.857
  82   -2     -5.715    -19.429      7.208
  -1   -2     38.410     22.724      2.838
  -1   -2     22.310    -31.003      1.821
 198  179      8.491      3.297      7.872
 147 1063    -29.739     -6.002     12.576
 313 1098      2.590    -22.566      8.639
  -1   -2     10.552     -0.385      7.627
  -1   -2    -14.463     37.088      9.159
  -1   -2    -19.772     -8.522     14.453
  -1   -2     41.125     20.679    -11.619
  -1   -2    -10.854     10.638     11.131
  -1   -2      2.793     26.470     10.837
  -1   -2    -33.797     -3.844      9.638
  -1   -2     23.993     -6.061     11.389
  -1   -2      7.203     16.989      5.660
 189 1072     -6.726     -7.017     10.037
 209  135    -28.655     -8.743      3.003
  84   -2     13.331     41.903     12.929
  -1   -2     10.090     -4.089      9.589
 575 1091     10.177     22.208      9.270
  -1   -2     -4.742     12.735      8.369
  -1   -2     -0.647     23.481      9.306
  -1   -2    -48.317      9.172     -1.410
  -1   -2    -22.229     38.610      9.908
  -1   -2     -6.960     34.625      7.215
  -1   -2    -55.406     16.775    -10.076
  -1 1042     -3.238    -16.127      8.119
  -1   -2    -61.886      3.503     12.296
  -1   -2     10.687     43.447     17.217
  -1   -2    -45.118     50.200     11.299
  -1   -2    -39.797     34.272      1.381
  -1   -2    -51.850     20.606    -19.598
  -1   -2     41.189     26.523     10.318
  -1   -2    -13.149     26.222     15.497
  -1   -2     27.083     23.761    -12.890
 153   -2     13.289      4.304      6.451
  -1   -2    -28.794    -15.833     14.523
 256  103     -9.477     15.666      8.311
  -1   -2     35.937     34.834    -12.682
  -1   -2     10.448    -31.777      6.463
 132  194     22.233      7.591      6.699
  -1   -2    -34.138     36.036    -19.191
  -1   -2     -7.836     13.270     12.055
  -1   -2    -16.445     -9.619      3.411
 208  263     10.546      7.658      7.453
  -1   -2    -20.971    -13.357    -11.782
  -1   -2    -13.181      6.086     12.667
 184  207     48.895     22.668     -3.411
  -1   -2     15.732    -23.472     16.268
  -1   -2     -6.912    -30.674    -22.791
 543  276      8.683    -31.917      7.752
 178   -2     15.772      0.373     11.171
 194  228    -61.430     39.609     11.147
  -1   -2     27.781     38.053     17.517
  -1   -2     29.247    -13.419      7.897
  -1   -2    -30.605      0.960      2.582
 391 1086    -51.757     13.032    -12.686
  -1   -2      4.745    -26.096     -2.142
  96  165     11.446      9.192      6.418
  -1   -2    -48.999      5.109     11.022
  -1   -2     49.310     29.363      2.060
  -1   -2    -52.883     15.087    -16.012
 104 1049     -4.452     -6.096     13.096
  -1   -2    -15.342     26.932    -12.878
  -1   -2     51.495    -13.383    -11.393
  -1   -2     -1.612    -20.969      5.596
  -1   -2    -12.158     31.606      6.623
  -1   -2     14.779      5.472     11.510
  -1   -2    -18.441     13.710     13.454
  -1   -2     22.441     -8.874      6.646
  -1   -2     36.973     28.206     -7.131
 215 1076    -24.727    -22.640     10.908
  -1   -2     -5.560     -8.909      6.430
  -1   -2    -27.584      1.574     11.900
 180  227     -9.389      2.141     12.166
  -1   -2    -18.603     -5.827      8.699
  -1   -2    -35.376     45.294     19.699
 244  280    -60.338      5.749      7.771
  -1   -2    -17.676     18.180     12.212
  -1   -2    -35.489     -3.514     12.507
  -1  193    -61.736    -15.576     15.260
  -1  665    -23.304     17.081      9.610
  -1   -2      4.923     34.539     10.306
  -1   -2     13.230     36.627      7.330
  -1   -2     13.249    -27.699     18.783
  -1   -2    -57.498     -7.716    -15.738
  -1   -2    -50.042      1.495     11.148
  -1   -2    -21.644     40.515     -9.020
 277 1083     14.533     -8.717      8.436
 119  217     20.374     -3.837      8.700
  -1   -2    -32.206    -21.433     12.463
  -1   -2    -11.738     -5.587    -20.888
  -1   40      1.732     -6.292      4.370
 218   -2    -44.268    -33.076      8.327
  -1   -2      3.947     11.581     11.289
  85  143     14.117    -10.027      9.610
  -1   -2     12.190    -32.553     -7.420
  -1   -2     26.944     35.270     15.458
  -1   -2     18.903     31.456     14.119
  -1   -2    -39.711    -15.356     11.186
 609  282     -7.529    -15.690      9.947
  -1   -2     10.615     -3.270      6.127
  -1   -2    -28.150    -19.210     11.446
  -1   -2      2.806     33.643     11.415
  -1  824     38.402     37.266     10.720
  -1   -2    -42.877    -29.271      7.188
  -1   -2      6.379     -5.115      9.337
  -1   -2    -19.295      2.809     11.929
  -1   -2    -12.962     11.282      6.130
  -1   -2     39.016     -5.917      4.412
  -1   -2     -8.528     27.226     12.433
  -1   -2      0.363     -4.689      8.246
  -1   -2     26.924     19.128     -5.886
  -1   -2     11.194     51.196     18.883
  -1   -2    -18.180    -19.674     11.294
  -1   -2     12.082     26.547     -9.695
  -1   -2    -16.080    -17.773     10.686
  -1   -2      6.532    -32.129      5.432
  -1   -2     10.544    -29.321    -21.122
  -1   -2    -60.363    -12.660     11.188
 372   -2    -51.991     -7.180    -12.000
  -1   -2    -17.831     -3.594      7.740
  -1   -2    -53.403     17.226     13.071
  -1   -2    -37.955    -10.460      0.205
 278  358    -16.502    -10.179      7.058
  -1   -2    -26.811    -10.174    -18.958
 228   -2     14.503     -2.821      3.234
  -1   -2     22.424     -5.096      3.433
  -1   -2     24.275    -30.342     13.431
  -1   -2     27.472     47.206    -11.445
 303   -2    -58.033     -6.109     24.928
  -1   -2      4.438    -17.404     15.567
  -1   -2     19.196     -0.493     11.844
  -1   -2     39.448     11.660     15.558
  -1   -2      3.748      7.339      1.522
  -1   -2    -10.208    -14.063    -15.969
 396   -2     26.146    -12.102      9.474
 263   -2    -34.204    -28.653     11.630
  -1   -2    -57.753     37.091    -16.612
  -1   -2    -24.610      5.067     10.456
  -1   -2     12.999    -25.306    -19.625
  -1   -2     -9.974     14.675     16.316
  -1   -2     18.482    -32.640     -5.590
  -1   -2     37.929     49.976      4.222
  -1   -2      5.623    -22.066     -5.112
 634 1052    -61.408     32.741     14.260
  -1   -2      0.266     17.725    -11.804
  -1   -2    -13.193     25.816     11.103
  -1   -2     -8.407     -5.931     16.776
  -1   -2    -36.986     -7.570      8.960
  -1   -2    -57.993     17.749      1.775
  -1   -2    -60.726     46.416      3.100
  -1   -2    -48.288    -22.357     -3.664
  -1   -2      4.189     23.492    -18.757
  -1   -2    -19.840    -10.386      1.447
  -1   -2    -54.686    -10.662     -3.230
  -1 1032    -14.949      5.582      8.652
  -1   -2    -57.572     30.466      9.815
  -1   -2     17.356     31.098     10.419
  -1   -2     15.795    -29.982    -14.526
  -1   -2     30.111     31.067     -5.920
  -1   -2     16.719     25.702      9.914
  -1   -2    -17.215    -15.284    -13.769
  -1   -2     11.879     -4.469      8.761
  -1   -2    -49.633      0.442     21.095
 315   -2      1.888     11.054     16.123
  -1   -2    -60.481     47.335     -6.777
  -1   -2    -31.654      2.687     -8.133
  36   -2    -22.090     33.516     -3.774
  -1   -2      7.593     11.881     -6.167
  -1   -2     19.504     34.329      0.200
  -1   -2     22.260     -0.066     13.177
  -1   -2      0.635    -26.131     -5.717
  -1   -2     14.613     34.624     15.578
  -1   -2     27.383    -29.332     22.396
 856  570    -25.563    -12.855    -22.212
  -1   -2    -52.565    -12.949     -6.040
  -1   -2     35.624     32.693      4.314
  -1   -2    -28.548     35.297     13.544
 320  292     24.140    -14.367     21.232
  -1   -2    -34.127      5.452    -17.527
  -1   -2    -47.604     -8.540    -14.851
  -1   -2     17.971    -11.528    -21.442
  -1   -2    -56.608    -14.285    -13.710
  -1   -2     42.155     29.070     -0.134
 747  392    -29.752     -6.790     -0.592
  -1   -2    -21.573     -0.022     20.997
  -1   -2     27.625    -32.124      4.176
  -1   -2     -1.572     -5.171     10.223
  -1   -2    -11.450    -30.939      9.315
  -1   -2     16.458     13.092      7.936
  -1   -2    -33.138     -5.160      2.694
  -1   -2      4.386     16.960      7.066
  -1   -2      9.645     21.658     13.151
  -1   -2     36.622    -34.145    -10.695
  -1   -2     -2.713     -1.039    -11.579
  -1   -2     -3.025     44.630     -9.484
  -1   -2     36.337    -21.315     -1.202
  -1   -2      4.505     23.275     18.402
  -1   -2     -7.577     36.994     28.127
  -1   -2     12.096      0.639     20.382
  -1   -2     -4.857    -32.093      0.468
  -1   -2    -23.142     10.114     14.903
  -1   -2    -22.668     -2.901    -22.107
  -1   -2    -40.712    -25.279     14.859
  -1   -2     19.388     51.057      5.136
  -1   -2     24.131    -16.837      7.082
  -1   -2     33.561    -24.341     16.036
  -1   -2      0.061      0.559     12.207
 348  463     17.455     -2.026     12.230
  -1   -2     47.192     31.380      8.143
  -1   -2     49.053     12.739     -1.735
  -1   -2     -5.693     11.946     13.084
  -1   -2     11.054    -16.033     15.666
  -1   -2     -2.950     48.302     -4.667
  -1   -2     19.671    -29.517     16.601
  -1   -2    -53.444      5.311     17.428
  -1   -2     38.595     13.747     16.946
  -1   -2     50.535      4.763      8.508
  -1   -2     49.671    -18.876      6.743
  -1   -2    -17.604     23.869     -8.767
  -1   -2    -52.042     22.621    -17.802
  -1   -2    -58.939     24.554     10.824
  -1   -2    -14.301     -1.754     22.342
  -1   -2     13.062    -31.199    -10.609
  -1   -2     -4.694    -13.147    -11.966
  -1   -2    -23.508     10.803    -24.705
  -1   -2     11.432     12.174     -7.046
  -1   -2     47.775     -6.632    -23.790
  -1   -2    -14.261      4.439     14.254
  -1   -2     11.359      2.322      5.795
  -1   -2    -28.532    -22.183     10.037
  -1   -2     38.906     -4.003     19.502
  -1   -2    -23.318     11.588     14.379
  -1   -2      2.599     20.781    -22.705
  -1   -2     19.792     -3.552    -10.857
  -1   -2    -51.787     19.795     -9.444
  -1   -2      8.679    -30.896    -10.107
  -1   -2     12.377     28.067     -3.935
  -1   -2     16.789    -29.972     24.345
  -1   -2    -49.410    -30.917    -15.207
  -1   -2     20.677    -32.626     -3.366
  -1   -2     -9.083     22.401      1.126
  -1   -2    -24.559     21.253     -3.712
  -1  426    -13.518    -30.966      5.388
  -1   -2    -62.783     -8.334      6.746
  -1   -2    -26.217    -14.269     -2.406
  -1   -2    -32.232     28.532     -3.091
  -1   -2     12.951      5.770      9.899
  -1   -2      2.685    -33.196     10.668
  -1   -2    -20.356     36.020    -24.599
  -1   -2     36.989     26.622      6.006
  -1   -2     25.737      7.656    -15.854
  -1   -2     13.704    -20.746      7.392
  -1   -2      2.939     17.344    -17.833
  -1   -2    -20.755     12.954      8.968
  -1   -2    -19.812     19.970    -20.488
  -1   -2    -23.435    -16.236      9.735
  -1   -2      1.662     42.421     14.071
  -1   -2      4.248     37.286    -13.297
  -1   -2      1.057     -4.733     13.404
  -1   -2      9.806    -19.441     14.964
  -1   -2     14.029     35.663     -4.489
  -1   -2     14.737     -7.710      0.882
  -1   -2    -36.115     22.466     21.506
  -1   -2     40.168     40.053     10.271
  -1   -2    -24.498    -13.524     16.252
  -1   -2     11.405     -0.455     12.435
  -1   -2    -49.857     -8.636      1.685
  -1   -2     25.423    -30.734      5.078
  -1   -2     24.820     21.844     19.295
  -1   -2    -16.427     -1.893      2.203
  -1   -2     49.966    -14.753      9.441
  -1   -2    -45.403      0.938     20.693
  -1   -2    -30.012    -13.570     -1.362
  -1   -2     26.293     20.220     20.273
  -1   -2    -63.015    -10.347     15.738
  -1   -2     24.862    -11.143    -17.217
  -1   -2      0.668      6.264      8.582
  -1   -2     13.208      0.993    -16.205
  -1   -2     20.447     -5.735     16.375
  -1   -2     37.562     20.990     12.008
  -1   -2    -15.429      6.114     20.648
  -1   -2    -56.013     -0.716    -17.678
  -1   -2    -13.291     12.422      5.075
  -1   -2     36.103     -7.825    -10.387
  -1   -2    -16.725      7.788     16.650
  -1   -2     -7.456    -23.581     17.194
  -1   -2     38.912     39.291     11.218
  -1   -2    -15.612    -16.392     -3.352
  -1   -2      2.706     -8.435     15.347
  -1   -2      2.470    -20.267     -5.776
  -1   -2     19.825    -29.981      7.563
  -1   -2      1.435    -23.557      1.698
  -1   -2      8.347     15.994      2.033
  -1   -2    -42.079    -30.699    -17.269
  -1   -2     23.903    -23.666     17.963
  -1   -2    -61.150      8.502      4.803
  -1   -2     27.164    -15.475    -13.262
  -1   -2     -0.624     16.384     16.679
  -1   -2    -29.367    -15.529      9.271
  -1   -2    -53.694    -22.639     17.205
  -1   -2    -43.698    -19.586    -24.416
  -1   -2    -15.128     33.850      6.686
  -1   -2    -11.854    -16.188     -1.342
  -1   -2     50.541     -8.590     -2.995
  -1   -2     19.069      4.958      8.017
  -1   -2     37.885     37.039      5.585
  -1   -2     18.806     46.634     -3.303
  -1   -2    -26.208    -12.061     20.826
  -1   -2     -4.395    -23.594     20.155
  -1   -2     15.465     22.479    -19.757
  -1   -2    -17.155     10.006     11.751
  -1   -2    -38.711      4.695     -7.781
  -1   -2     17.061     37.811      5.987
  -1   -2      4.707     34.152     12.649
  -1   -2    -47.647      3.604    -13.327
  -1   -2     16.922     32.811     -2.235
  -1   -2      2.842     32.403    -25.102
  -1   -2    -21.520      4.585     18.089
  -1   -2     -7.760     -4.548     20.502
  -1   -2    -43.347     47.312     -8.353
  -1   -2    -18.006     30.916     -3.733
  -1   -2    -28.045     -3.907     -0.673
  -1   -2      6.124    -32.187      1.184
  -1   -2    -14.907     20.967     18.319
  -1   -2      7.089     38.719     10.428
  -1   -2     24.186     15.302     18.786
  -1   -2    -28.192    -23.671     13.082
  -1   -2      3.379    -16.375     17.192
  -1   -2    -26.263    -16.477     22.613
  -1   -2    -36.813    -18.815      9.025
  -1   -2     47.890     19.806      1.539
  -1   -2    -30.737      1.721      5.125
 382   -2    -60.587    -12.720      9.181
  -1   -2    -10.309     15.771    -21.870
  -1   -2    -43.830    -25.232     -3.310
  -1   -2     22.780      6.293      8.070
  -1   -2     21.792    -21.505     14.432
  -1   -2    -25.695     16.985      6.488
  -1   -2    -33.509    -27.813    -20.606
  -1   -2    -20.424     11.131     22.282
  -1   -2     36.127     25.892     -2.433
  -1   -2      4.567     36.136     16.022
  -1   -2    -49.581    -10.572     -1.516
  -1   -2      8.497     31.792     -3.744
  -1   -2    -31.760     53.121     18.016
  -1   -2      6.703      6.123     -7.993
  -1   -2     16.594     -1.706    -10.403
  -1   -2     23.387    -13.694     13.261
  -1   -2     18.114    -17.135     19.857
  -1   -2     -2.939    -32.627      0.435
  -1   -2     23.265     19.831     -1.931
  -1   -2      4.335    -12.289      3.309
  -1   -2    -30.124     16.085     11.270
  -1   -2    -11.324     -9.976     -4.557
  -1   -2    -27.891     -4.145     12.234
  -1   -2    -23.944    -10.603     19.411
  -1   -2     38.921     16.556     14.257
  -1   -2     -0.636     14.515    -14.771
  -1   -2    -27.487     -7.209     13.547
  -1   -2      8.117      7.848     18.485
  -1   -2     48.273     -1.847    -12.874
  -1   -2     16.214     14.820      5.842
  -1   -2    -28.249     -1.587     15.105
  -1   -2    -17.418     17.379     -9.182
  -1   -2     26.437     -3.376    -17.664
  -1   -2     15.767    -25.980     -9.055
  -1   -2     15.352     25.945    -13.606
  -1   -2      6.882     12.766     -9.728
  -1   -2     16.528     -7.122     12.470
  -1   -2     -8.683     -2.909    -20.326
  -1   -2     -1.675     31.138      4.246
  -1   -2      1.757     18.983    -20.085
  -1   -2    -16.663     39.407     15.509
  -1   -2      5.350      3.334    -17.429
  -1   -2     -1.983     21.270     -9.839
  -1   -2    -17.924      2.897      5.730
  -1   -2     -8.078    -19.952     11.668
  -1   -2    -59.764      2.807      6.882
  -1   -2    -28.800      9.512      6.304
  -1   -2    -24.232     15.274     -2.810
  -1   -2     -6.608    -18.734      0.976
  -1   -2     15.610     35.770     -1.753
  -1   -2    -30.632     31.515     -8.405
  -1   -2    -33.672     -4.783      4.763
  -1   -2      1.878     -2.372    -12.923
  -1   -2     -2.835    -13.970      2.642
  -1   -2    -51.733     47.244    -12.413
  -1   -2     11.584     15.961     -2.947
  -1   -2      9.540     -8.717     -1.573
  -1   -2     -9.027     12.992     16.387
  -1   -2     17.332    -27.108      3.307
  -1   -2     -6.308     43.950      2.743
  -1   -2    -19.005     45.575     49.743
  -1   -2     -9.787    -15.751    -18.388
  -1   -2      9.114     40.073     -4.985
  -1   -2    -13.642     23.507    -10.076
  -1   -2      3.505     -7.902     -8.433
  -1   -2     20.496      0.485     16.459
  -1   -2    -28.776     18.160    -13.252
  -1   -2     18.195     32.807     25.018
  -1   -2      1.207    -19.085     -5.783
  -1   -2    -62.135      4.673     15.786
  -1   -2     18.632     22.125     -1.662
  -1   -2     -1.631     38.051      0.173
  -1   -2    -30.187    -15.705      9.846
  -1   -2     39.198      4.304     13.033
 510  531     56.035     38.359      9.085
  -1  640    -52.625     17.773    -17.859
  -1   -2     38.517     42.156      4.240
  -1   -2     35.499     51.227    -20.295
  -1   -2     10.789     38.091      8.529
  -1 1089     19.592    -31.379      9.891
  -1   -2     39.260      7.483     12.271
  -1   -2    -64.185     25.823      9.980
  -1   -2    -20.520     -7.321     15.917
  -1   -2     28.834    -29.020     16.653
 524  526     50.274     44.543      2.895
 639   -2      8.899    -29.188    -18.076
 536  639    -49.624     21.940      1.224
  -1   -2    -42.834     12.737    -20.944
  -1   -2    -37.077      0.985      9.865
  -1   -2     34.076     53.282     -5.745
 514   -2    -48.819     17.915      7.741
  -1   -2     40.220      0.985    -13.410
  -1   -2    -49.790     26.516     -0.055
  -1   -2     33.260     -4.164      0.227
  -1   -2    -49.135     19.609      5.986
  -1   -2    -49.506      0.498      6.187
 537  562     53.019     49.459     12.550
  -1   -2     48.872     42.107      7.177
  -1   -2     53.096     37.813      9.043
  -1   -2    -46.952     28.210      7.637
  -1   -2     33.978     48.981     11.648
  -1   -2    -43.724    -32.700     -3.320
  -1   -2     24.195    -32.049      3.513
  -1   -2     42.455     33.341     -2.333
  -1   -2    -49.451     30.678      0.288
  -1   -2      2.814    -30.891     11.625
 216 1077    -24.538     22.914      6.687
  -1   -2    -51.738      5.773    -13.061
  -1   -2    -40.565     44.214      8.433
 121   -2     36.012     11.347      2.183
  -1   -2      7.488    -33.274     14.574
  -1   -2    -24.600     24.152    -25.128
  -1   -2     39.366      6.923      7.686
  -1  630    -48.971    -14.358      6.326
 559   -2     34.538     16.875      6.864
  -1   -2     18.716    -30.978     19.306
  -1  576    -49.566     43.550     15.061
  -1   -2     21.627    -14.707     12.562
  -1   -2    -62.041     33.236      8.869
  -1   -2     50.318      6.821      7.573
  -1   -2     39.105     17.405      6.880
 532   -2    -13.000     48.825      7.235
  -1   -2    -42.489     51.585    -21.593
  -1   -2    -51.909    -28.268    -15.011
  -1   -2     31.326     21.478    -20.963
 567   -2     25.766    -32.882      5.978
  -1   -2     33.190    -22.239     17.301
  -1   -2    -51.111     27.782      0.249
  -1   -2     -5.685     -6.725     11.811
  -1   -2    -36.210     49.934     -6.857
  -1   -2    -23.550    -17.006     -9.015
  -1   -2     27.021    -26.150      8.315
  -1   -2    -48.625     33.265     -0.241
  -1   -2      9.234    -16.157     24.633
  -1   -2     -5.035     26.327    -12.242
 174 1100    -31.590    -19.488     13.459
  -1   -2     39.051     -1.119      4.077
  -1   -2     30.205    -30.655      2.559
  -1   -2    -35.269     36.187     23.683
  -1   -2    -52.980     21.479    -20.723
  -1   -2     38.877     51.100     -3.698
  -1   -2     30.426     -7.025    -18.887
  -1   -2    -17.722     12.567     17.573
  -1   -2    -16.207     50.235     13.613
  -1   -2      4.678      0.509    -23.785
  -1  170     38.676     -4.832      2.929
  -1   -2     48.393     42.748      7.053
  -1   -2    -14.312    -29.687     15.095
  -1   -2     23.548    -31.807      1.558
  -1   -2    -29.429     42.140      1.458
  -1   -2     35.342    -23.936      8.805
  -1   -2     12.476    -11.916     15.279
  -1   -2    -28.237     46.732      9.900
  -1   -2     32.954     -9.422     16.764
 770  568     41.516     -4.705    -15.890
  -1   -2     -2.597     27.884      5.273
  -1   -2     -7.868     -9.547      5.793
  -1   -2    -34.254     40.274     -0.648
  -1   -2     36.898    -34.675     21.583
  -1   -2     28.231     12.833      8.307
  -1   -2     37.040     -3.517     -6.002
  -1   -2      6.346     -1.918     -6.447
  -1   -2    -28.673     13.219      9.526
  -1   -2    -38.397     38.461     14.788
  -1   -2    -20.819    -28.141     10.729
  -1   -2    -49.318     17.207     11.776
  -1   -2     30.083     39.683      4.972
  -1   -2    -48.742     -5.816     -0.564
 615  652     55.052     13.619      9.499
  -1   -2     36.365     53.905     -4.821
  -1   -2    -35.339      9.005     13.580
 638  661     51.369    -34.953     18.179
  -1   -2     26.299      3.541      8.776
  -1   -2      7.191     52.696     -9.718
  -1   -2    -50.110     39.031     -0.736
  -1   -2    -57.135     19.279      2.859
  -1   -2    -59.624     12.855    -11.493
  -1   -2    -14.303      2.766      1.540
  -1   -2    -60.068     -5.330     11.703
 624  680     55.316     -5.820      6.362
  -1   -2    -52.577    -23.938     -7.433
  -1   -2    -50.062     29.242     -0.763
  -1   -2    -20.387     30.384     11.936
  -1   -2    -37.822     39.685      3.883
  -1   -2     19.413    -31.463     18.236
  -1   -2     52.932     21.119    -11.057
  -1   -2     49.386     35.909      3.405
  -1   -2    -10.370     47.673      6.086
  -1   -2    -10.315     26.779      9.290
  -1   -2    -29.975     47.988     -0.834
  -1   -2    -18.836     22.637     -7.967
  -1   -2    -22.472     -0.719    -25.047
  -1   -2     28.121     -1.645    -22.146
  -1   -2    -49.017     21.097      3.288
  -1   -2    -42.861     19.078     -6.290
  -1   -2     54.419     20.263      7.975
  -1   -2     28.706      7.420      1.761
  -1   -2     24.455      1.561      8.506
  -1   -2     20.699     -9.940     14.675
 631   -2     35.446     17.014      8.768
  -1   -2     37.958     28.774     -0.500
  -1   -2     22.764     -0.460     -9.019
  -1   -2    -49.289     26.021      2.221
  -1   -2     12.987     20.383    -21.286
 611  623    -61.986     13.579    -19.595
  -1   -2    -52.773     20.671    -24.537
 568   -2    -50.082     28.467      0.212
 247  220    -25.090      4.201     11.815
  -1   -2    -22.326     -6.752     10.558
  -1   -2     50.853      2.345     12.724
  -1   -2    -31.886     49.757    -15.726
  -1   -2    -17.185    -25.464     -1.489
  -1   -2    -18.913     -9.523      2.753
  -1   -2     37.315     20.015     -6.976
  -1   -2      4.549     10.458      8.074
  -1   -2    -54.651      2.900     23.066
  -1   -2     17.522     -5.686      3.134
 685   -2    -59.785     37.616     17.332
  -1   -2      7.478      5.115     12.823
  -1   -2    -60.922    -19.839    -14.162
  -1   -2    -50.076    -24.392     19.183
  -1   -2     39.032     -4.587      0.228
  -1  805     39.128      2.957      2.973
  -1   -2    -17.705     -3.022    -13.577
  -1   -2     29.535    -33.178     -3.748
  -1   -2    -28.719      6.741      8.285
  -1   -2     -2.237     12.905      6.015
  -1   -2     55.167     27.766     15.525
  -1   -2     15.273    -16.688     15.468
  -1   -2     18.980     51.509     22.351
  -1   -2    -20.997    -23.937     14.342
  -1   -2    -38.302     34.235     24.986
  -1   -2     -9.990    -22.435     23.540
  -1   -2      6.607    -30.574    -20.777
  -1   -2    -29.105    -18.294     13.597
  -1   -2    -63.380      7.503     -2.031
  -1   -2    -49.006    -24.591      3.231
  -1   -2     16.275     28.334    -19.322
  -1   -2     22.728    -34.023     -7.065
  -1   -2    -49.388     23.729     22.113
  -1   -2    -62.075     30.649     14.052
  -1   -2     -7.030    -30.221      3.324
  -1   -2     -6.664    -26.385     -2.767
  -1   -2     37.076     10.902      5.589
  -1   -2    -36.850     14.203      8.327
  -1   -2     14.849    -12.785      5.183
  -1   -2    -24.730     38.861    -12.145
  -1   -2     -8.529     -7.531      6.046
  -1   -2    -17.934    -14.763    -22.738
  -1   -2    -23.976     45.847      9.065
  -1   -2     16.547     11.590     10.828
  -1   -2     38.544     34.820     15.995
 739  682     56.327     10.972     12.235
 904   -2    -52.653     10.116    -22.233
  -1   -2     37.732     31.034      9.369
  -1   -2     41.307      8.073    -20.552
  -1   -2     21.738    -31.311      5.750
  -1   -2     -4.544     11.370     -7.281
  -1   -2     40.374      1.557    -18.523
  -1   -2    -30.789    -30.744    -21.880
  -1   -2     46.673     29.944    -24.736
  -1   -2    -48.292      0.234    -14.133
  -1   -2     -2.592     29.647    -13.474
  -1   -2    -33.933      4.125     21.670
  -1   -2     24.160    -22.334     19.895
  -1   -2      5.312    -33.053      4.096
  -1   -2    -51.658     12.600    -15.097
  -1   -2    -49.101     14.260     11.595
  -1   -2     50.312    -17.096     15.034
  -1   -2     37.977     28.625     11.524
 612  735    -49.180    -16.345      0.671
  -1   -2     31.612    -14.935     -1.922
  -1   -2     24.460     -9.697     12.456
  -1   -2      3.220     21.757      6.773
  -1   -2    -10.915    -15.063     11.441
  -1   -2    -22.719     25.736      5.233
 852   -2    -56.667      9.468     21.210
  -1   -2     -5.077     28.363      9.274
  -1   -2    -18.755     50.578      9.984
  -1   -2     21.286     29.495     10.434
  -1   -2    -29.345      5.585      0.278
  -1   -2     39.021      5.496     -1.356
  -1   -2      2.731    -20.441     11.926
  -1   -2    -26.283      1.546    -18.827
  -1   -2    -53.655     49.100    -10.155
  -1   -2    -17.171     15.463     -1.741
  -1   -2     37.606    -12.875    -12.543
  -1   -2     11.107    -30.180     18.244
  -1   -2     20.134     15.086      9.110
  -1   -2    -48.721     -6.773     -2.882
 166   -2     21.486      1.247     10.280
  -1   -2     41.526    -32.036     11.461
  -1   -2     15.649     53.931      3.842
  -1   -2    -31.143     -0.484      0.345
  -1   -2     21.626    -29.249     24.367
  -1   -2    -51.926     24.276    -18.906
  -1   -2    -41.645     31.378      5.448
  -1   -2     44.931     53.252     -4.608
 777   -2    -13.077    -34.530    -21.872
  -1   -2    -43.698    -24.111     -2.423
  -1   -2     34.210    -23.322      6.888
  -1   -2    -14.129      5.014     -3.799
  -1   -2     50.626    -10.477      6.075
 719   -2    -61.904    -23.164      5.084
  -1   -2     -5.700    -10.034     -0.993
  -1   -2    -11.031     34.817    -39.857
  -1   -2    -10.910      8.366      9.628
  -1   -2    -57.177      2.415     23.259
  -1   -2      3.107     48.508      6.368
  -1   -2    -16.534     -4.056      5.266
  -1   -2    -50.464      7.657    -20.019
  -1   -2     25.139     -9.609    -26.610
  -1   -2     -9.149    -20.778     23.234
  -1   -2     39.330    -19.921      8.091
  -1   -2     -4.576     26.249     14.088
 947 1095     17.662    -32.479      3.211
  -1   -2    -48.015    -31.609     -7.443
  -1   -2    -17.115      3.563     -2.548
  -1   -2     40.423    -32.735      7.425
  -1   -2     48.479     -8.641    -23.545
  -1   -2     13.543    -31.754     18.572
  -1   -2     26.600     22.883     15.730
  -1   -2    -50.146     40.148     -2.552
  -1   -2     30.269    -25.093     -9.278
  -1   -2     26.567    -26.647      9.856
  -1   -2     25.870      0.137    -22.332
  -1   -2    -64.128     45.010      7.726
  -1   -2     41.060     46.869    -13.064
  -1   -2    -47.494     16.202     15.922
  -1   -2    -61.669    -13.172     12.615
  -1   -2     39.054     15.957     23.233
  -1   -2    -27.069    -24.856      9.680
  -1   -2     -3.817    -20.480     23.385
  -1   -2    -37.272     36.656     -9.667
  -1   -2    -28.172     -4.417    -10.866
  -1   -2     27.954     10.303     13.805
  -1   -2    -34.289     35.893     -7.506
  -1   -2     25.168      7.311     25.580
  -1   -2    -35.889     16.869    -16.521
  -1   -2     26.423     -5.454    -22.113
  -1   -2     -5.423     17.702     10.968
  -1   -2     23.667     26.229    -23.452
  -1   -2     18.653     29.272      6.963
  -1   -2     11.456     22.667     -4.640
  -1   -2     21.103     38.213     -7.570
  -1  604    -49.645     22.426     -3.975
  -1   -2     -6.332     32.421    -27.009
  -1   -2     -2.165     -2.211      8.171
  -1   -2    -62.289    -10.451    -21.534
  -1   -2     51.616      3.850     -4.998
  -1   -2     28.490     13.921    -21.496
  -1   -2    -19.435     -7.278    -25.375
  -1   -2     49.747     23.408     19.667
  -1   -2    -49.487     20.819     -1.054
  -1   -2     55.459     18.507      5.169
  -1   -2     18.688    -29.067    -12.184
  -1   -2     -8.604     22.911      6.575
  -1   -2    -21.637     38.806     16.675
  -1   -2     10.952     -0.259    -12.842
  -1   -2     42.841     11.472      1.874
  -1   -2    -61.766    -18.041     -4.872
  -1   -2    -52.197     -4.035    -16.085
  -1   -2      3.370     32.237     11.512
  -1   -2    -26.045     40.865    -22.371
  -1   -2    -17.221     12.374    -13.417
  -1   -2     14.552      5.880    -13.978
  -1   -2     15.644      3.591     20.233
  -1   -2     13.564    -14.199     21.692
  -1   -2     21.149     49.868     11.308
  -1   -2    -48.136      8.586    -13.560
  -1   -2    -35.709    -13.712      8.707
  -1   -2     45.716      2.539     -7.662
  -1   -2     -5.427    -30.939     14.504
  -1   -2     22.213     27.904      4.012
  -1   -2    -20.056     33.813     -0.495
  -1   -2    -49.334     43.466     15.490
  -1   -2    -11.535      3.313    -12.733
  -1   -2     19.453     17.268     -7.603
  -1   -2     22.003     -4.884     15.706
  -1   -2    -63.225     15.223    -19.780
  -1   -2    -18.281     29.146      7.305
  -1   -2      6.132     17.223    -17.089
  -1   -2     13.868     -8.644      0.824
  -1   -2     25.992    -32.496     -3.130
  -1   -2     38.984      1.674     -5.353
  -1   -2    -16.066    -14.874     -4.506
  -1   -2    -26.989     44.562     -7.698
  -1   -2      9.883    -24.102    -21.954
  -1   -2    -32.475      2.440     16.169
  -1   -2    -51.402    -24.821     -5.967
  -1   -2    -40.273    -18.022     -8.155
  -1   -2    -21.782     -7.266     15.634
  -1   -2    -10.092     -8.336    -21.099
  -1   -2     24.132      2.506     -9.144
  -1   -2     37.998     -3.307      3.741
  -1   -2     27.985    -28.818     10.296
  -1   -2    -10.801     31.014    -34.532
  -1   -2      1.600     27.480     -5.282
  -1   -2     11.740     19.739     -7.105
  -1   -2    -19.422     46.021     29.866
  -1   -2    -62.852     -0.196     -1.425
  -1   -2    -52.895     -6.366     -9.274
  -1   -2     33.546     52.488     10.480
  -1   -2    -60.960    -12.033     -7.165
  -1   -2     33.028     -1.858     -9.568
  -1   -2    -29.351    -10.386     21.195
  -1   -2     -4.837    -31.593     -4.946
  -1   -2    -15.189     -0.930    -27.544
  -1   -2    -58.015     -2.656    -23.337
  -1   -2     -0.729     -2.537     14.119
  -1   -2    -21.108     16.263     22.917
  -1   -2     -1.633    -12.195      5.365
  -1   -2     14.994     13.524      5.358
  -1   -2     20.257     33.306      9.622
  -1   -2     -7.567     -9.100    -21.120
  -1   -2      2.742     35.296     16.670
  -1   -2     -2.348     14.707    -21.139
  -1   -2     40.257     14.004    -21.629
  -1   -2    -19.210    -16.626      0.270
  -1   -2    -34.264     40.364     17.207
  -1   -2    -20.490    -21.375     11.214
  -1   -2     15.979     34.485      6.011
 867   -2    -51.403     44.954    -23.559
  -1   -2     11.315     46.478     27.871
  -1   -2      7.029     23.106      1.963
  -1   -2    -36.456     36.530     -8.267
  -1   -2     -2.236     45.743    -11.471
  -1   -2    -32.473     11.829     -3.129
  -1   -2     16.313     10.669     11.292
  -1   -2     15.346    -35.556    -10.056
  -1   -2    -44.437    -26.878    -19.557
  -1   -2     -0.758      3.017      1.977
  -1   -2      6.943     32.850    -21.736
  -1   -2    -50.176    -29.356     -7.582
  -1   -2     12.714     -7.459      4.570
  -1   -2     38.747    -17.048     -2.729
  -1   -2    -53.412     38.807    -22.084
  -1   -2      3.674    -12.094      8.670
  -1   -2     -2.389     -5.029      4.496
  -1   -2      0.625      8.348     -5.756
  -1   -2    -11.464    -13.411    -18.420
  -1   -2      5.722    -31.768      7.628
  -1   -2      6.543    -17.346     14.153
  -1   -2    -53.222     10.670    -21.826
  -1   -2     35.906     45.713    -10.762
  -1   -2    -25.916     36.601    -17.794
  -1   -2    -32.321    -20.988    -15.318
  -1   -2    -20.482     46.542      3.173
  -1   -2    -59.466     14.138    -17.480
  -1   -2    -27.377     22.090      5.191
  -1   -2    -33.803     -2.686     -2.281
  -1   -2    -21.524     -6.517    -18.672
  -1   -2     17.881    -34.762    -15.772
  -1   -2    -22.807     -9.145     21.088
  -1   -2     -7.531     -8.286     19.955
  -1   -2    -11.922     14.930      3.445
  -1   -2      5.965     -7.912    -12.441
  -1   -2    -29.562     -6.622     13.822
  -1   -2      3.696     30.896    -35.693
  -1   -2    -53.439     11.627    -20.095
  -1   -2    -35.780     22.323    -19.673
  -1   -2    -18.403     20.124      1.147
  -1   -2    -31.334      4.848     -3.056
  -1   -2     10.615    -24.521     15.694
  -1   -2    -49.999     34.549      4.214
  -1   -2     16.050    -14.303     14.624
  -1   -2     38.408    -35.829      4.320
  -1   -2     10.231     15.395     22.720
  -1   -2    -36.007    -23.671     14.231
  -1   -2    -12.541     35.394    -31.267
  -1   -2    -37.698     17.824    -18.049
  -1   -2    -21.789      8.813      7.367
  -1   -2    -49.469     23.583     -0.009
  -1   -2    -61.677     51.405      3.744
  -1   -2    -16.704      5.146      3.405
  -1   -2     52.660     17.758     -3.160
  -1   -2     -4.547    -19.410      2.643
  -1   -2    -28.141      5.602      9.106
  -1   -2     20.454     -2.477    -19.920
  -1   -2     26.856     18.403     -4.238
  -1   -2      1.852     28.121     25.354
  -1   -2     11.468    -13.982     18.952
  -1   -2      2.764     23.692     17.771
  -1   -2     29.497     12.631    -19.757
  -1   -2    -31.388    -22.922     -4.889
  -1   -2     23.095     -9.109    -19.984
  -1   -2    -18.071     11.205    -18.889
  -1   -2    -28.628     42.317    -15.240
  -1   -2    -50.882    -15.626    -18.350
  -1   -2    -35.800     38.521     -2.100
  -1   -2    -27.913     28.294      0.217
  -1   -2     26.502     -5.147    -16.990
  -1   -2    -14.786    -13.387     -1.237
  -1   -2    -37.665     15.778      7.982
  -1   -2    -34.795     15.931     11.658
  -1   -2     30.032    -19.842     -4.221
  -1   -2     27.552     -9.670    -13.086
  -1   -2     -1.169      0.662     16.622
  -1   -2    -42.399    -15.263     -5.815
  -1   -2     50.215     -4.068     24.078
  -1   -2    -49.058     13.865      0.695
  -1   -2     -8.523    -34.399    -15.050
  -1   -2     50.674      8.636      7.541
  -1   -2     -2.279      8.929    -17.872
  -1   -2     27.831     45.228    -11.687
  -1   -2     22.597    -22.925     13.408
  -1   -2    -21.355     -8.166    -16.651
  -1   -2    -22.280     11.778     20.210
  -1   -2    -20.470    -26.010     -9.580
  -1   -2    -29.730     -6.384    -11.665
  -1   -2     29.258    -19.620    -15.184
  -1   -2     29.844    -17.546     -2.893
  -1   -2     55.603    -35.237     23.132
  -1   -2     44.642      9.880     18.710
  -1   -2     56.540     -6.406     19.778
  -1   -2     41.875     42.375     18.358
 983  988     54.991    -35.015      3.575
  -1   -2     30.804     43.917      7.609
  -1   -2    -51.614    -34.216    -12.446
  -1   -2     43.408     57.202    -23.031
  -1   -2     46.384     18.194    -11.870
  -1   -2    -63.977     22.937    -13.786
  -1   -2     43.990    -32.055     -2.357
  -1   -2    -54.907     18.932    -29.946
  -1   -2    -66.095     -3.042     -0.678
  -1   -2    -58.004     12.305      0.993
  -1   -2     48.842     -2.634     10.692
  -1   -2    -58.028     32.008     11.574
  -1   -2     57.115     31.737     20.408
  -1   -2     27.515     57.956      2.437
  -1   -2    -57.439    -19.223     22.258
  -1   -2     56.150     51.498     22.635
  -1   -2     35.878    -26.724    -17.058
  -1   -2    -11.661    -32.551     14.701
  -1   -2     54.643     42.523     18.194
  -1   -2    -25.192    -30.963    -22.447
  -1   -2     24.666     31.884    -39.045
  -1   -2    -31.081     52.700    -44.558
  -1   -2    -63.917     11.089     -9.846
  -1   -2    -58.023    -18.176      0.578
  -1   -2     55.895     57.249      7.132
  -1   -2      4.534    -37.453     19.827
  -1   -2    -56.767    -29.347      0.521
  -1   -2    -44.540     55.443      7.798
  -1   -2    -47.571    -20.841    -18.713
  -1   -2    -59.566     28.490    -22.005
  -1   -2    -60.883     -3.095    -18.541
  -1   -2     47.246     14.101    -20.865
   1 1016     21.630     41.926      7.894
   0    0      9.987     13.284      7.608
  -1   -2     23.614     37.153      8.516
  -1   -2    -26.231      0.748     13.480
   8 1019     21.573     32.511      5.740
  -1   -2    -26.730     44.758     13.445
  18 1022     11.762    -31.204     13.998
  19 1023     13.307     16.214      3.964
  27 1101     11.016    -14.637      9.583
  -1   -2      7.629     33.212     11.762
  21 1024    -11.901      2.083      3.664
  11 1020     38.394     11.170     -1.122
  -1 1054     34.890     11.409      3.721
  32   -2    -36.023     29.083      5.768
  -1   -2    -33.708    -10.870     12.065
  24 1026    -12.529     18.947      4.001
  30 1028    -15.603    -21.034      6.548
  31   16    -27.845     15.729      5.149
  37   -2      7.035     13.503     -2.902
  76   -2     20.299    -19.854      8.376
   7 1018    -26.158      0.781     13.536
 117   -2    -12.427     20.032      6.593
  42   49    -13.896      6.427      8.418
  40 1030    -37.395     22.774      9.356
 118 1053     13.113     22.662      6.715
  89 1046     -8.908      3.292      4.290
  46   -2      7.991    -23.533     -0.902
 125  469     -2.910     21.931    -13.302
 205 1074    -22.230    -22.361     11.756
 129 1057     10.090     -4.089      9.589
  88   -2    -29.033     33.535     -1.129
 100   43    -20.005    -20.347     11.393
 161  248    -11.855    -10.172      7.529
  83   -2     -5.709     -8.923      5.758
  52 1035    -16.784    -14.926     10.486
  79 1102    -10.765     10.079      5.920
  -1   -2     14.088    -10.054      8.526
  51 1034    -29.065    -12.257     11.788
 123 1055     -6.955      2.109     16.757
 120  190    -28.223    -19.287     10.522
 133   -2    -16.550     -9.523      2.802
 150   -2     -4.930     12.750      7.995
 200   -2     10.749     -3.260      5.384
  -1   -2    -60.481      5.796      7.201
 141 1062     14.422    -30.657    -19.304
 195   -2     17.027     31.175      6.305
 122 1103     16.831    -32.042     -0.053
 375   -2    -17.539     -8.860     10.561
  92   -2      6.084    -15.728      6.269
 108 1051    -16.172     20.920      8.623
 151   -2     -3.100    -16.097      7.627
  57 1040      7.648     35.300      8.599
 140  120    -15.535     16.757      9.010
 171   -2    -10.699     10.632     10.593
  -1   -2     11.401     -8.506      9.210
 105 1050      5.262     -5.157     10.336
 173 1069      2.902     26.494     11.516
 556 1088     21.973    -31.512      6.575
  68   -2     -6.066    -14.873      9.004
 139   -2     -8.844     -8.938      7.173
  -1   78     18.341    -31.414     10.746
 251   -2    -31.533      1.114      1.372
 188 1104     10.552     -0.385      7.627
 259 1082    -12.591      3.465      8.530
 287 1085    -18.762     -5.829      7.983
  -1   -2     -9.375      2.149     11.466
 308 1105     -1.768    -20.993      4.887
  -1   -2     22.041     16.150     10.212
 398   -2     -8.034     -9.481      7.074
  -1   -2    -26.772     30.419     12.021
 201   -2     -5.469     17.787      9.551
  -1 1099     14.424     -2.860      2.279
 229   -2     11.662    -28.928     10.540
  -1   -2    -34.214    -28.647     10.611
 154   -2    -16.019    -17.801      9.564
 743   -2    -14.063      4.184     13.204
 346   -2     52.505      4.530      6.256
 327 1106     11.903     -4.462      9.612
  -1   -2    -16.682    -10.398      5.440
 529   -2    -49.134     22.336      4.201
 138  161     19.094    -31.208     11.332
 565 1090     48.393     42.748      7.053
 227   -2      7.843    -30.486    -17.512
 164   -2      4.097     -0.704      9.033
 288   -2     49.660     29.400      3.998
 641 1093     50.853      2.345     12.724
 490   -2     18.088     31.476      7.682
