1128
  -1    0     22.159     41.050      9.228
  -1   72    -21.890     35.455     11.032
  -1   71     38.254     50.315      9.125
  -1    2     22.188     31.157      6.699
  -1    3    -26.058      1.108     13.009
  -1    4     38.163     23.017     17.132
  -1   73      8.727     28.970     12.335
  -1    6    -13.396     43.193     -1.709
  -1   82     -5.319     37.089      4.327
  -1   -2     13.799     15.901      4.118
  -1   81    -10.625     36.828      3.146
  -1    8    -11.347      1.813      3.780
  -1    1      9.727     13.486     10.250
  -1   96      6.087      9.907      9.851
  -1   10    -22.952     48.896     -0.397
  -1   95    -11.786     19.252      4.133
  -1  150     13.188    -33.192     -2.863
  -1   11      7.664     13.420     -0.843
  -1  469    -35.653     29.680      7.334
  -1   -2    -27.753     15.609      4.465
  -1   -2      8.548    -11.860    -20.439
  -1   -2     36.538     -7.950    -16.054
  -1    7      8.697     43.607      9.495
  -1   -2     20.130    -32.074      3.586
  -1   -2     37.095     12.654     -0.290
  -1   16      1.241     22.277      9.074
  -1   -2     28.043     39.861     10.561
  -1   -2      6.255     13.089     12.143
  -1   17     11.689     49.513    -11.504
  -1   97     -3.983      2.826      9.041
  -1  569     21.539     50.828      9.128
  -1   19    -13.617     39.194     -8.976
  -1   29     17.829     37.684    -12.704
  -1  117     26.548     36.633     -0.541
  -1   41     13.293     22.031      6.702
  -1   18    -17.378    -14.306     11.174
  -1   33    -29.680     28.683      9.408
  -1   27    -12.821     47.484      8.401
  -1   -2    -22.845    -15.742     -2.702
  -1   -2    -13.002     49.940     -4.145
  -1   40      0.001     48.385      1.123
  -1   -2     16.779    -32.045     -0.004
  -1   -2     -7.361     27.153      7.355
  -1   21    -19.776     39.706     -7.362
  -1  333     13.888     41.758     12.768
  -1   -2    -12.928     -9.110     -1.770
  -1   -2    -29.111     33.596     -0.414
  -1   34      8.985     -4.378     11.607
  -1  238    -17.250     18.984     11.510
  -1   -2     10.875     -0.623      8.155
  -1   36      1.945     32.659     -4.416
  -1   -2     20.655     -4.589      8.432
  -1   -2     36.877     27.838     -2.818
  -1   46    -19.757     36.957    -15.379
  -1   42    -11.643     25.976      9.794
  -1   48    -15.451     16.973      8.281
  -1   -2    -21.745     43.005     14.974
  -1   -2    -11.358      3.434    -15.111
  -1   60      0.012     21.241      6.809
  -1   -2     18.177    -32.227      3.452
  -1   -2     -8.611     22.780      1.557
  -1   -2    -27.737     43.001     13.131
  -1   -2     50.392      4.996      3.030
  -1   69    -20.505     40.693     13.294
  -1  400    -14.856     -3.874      4.483
  -1  776    -11.365     31.724      5.879
  -1  194     21.413    -31.245     11.385
  -1  968    -59.855     32.387    -11.466
  -1   -2     18.538     30.956     10.117
  -1   70     24.155     35.941      7.119
  -1   79    -26.369     45.206     16.746
  -1  106     35.300     22.854     13.868
  -1   -2     -9.823    -29.832     11.308
  -1   84      8.011     33.215      8.515
  -1   -2     38.430     11.180     -1.095
  -1   -2    -24.698      1.344     16.771
  -1  217     11.777    -31.317     13.499
  -1   -2     22.075    -34.460    -11.207
  -1  115    -48.779     18.204     14.077
  -1  118    -16.613     -9.497      1.489
  -1   99      9.801    -14.611      9.689
  -1   23      1.849     -6.702      5.410
  -1   -2    -45.224     49.960      7.333
  -1   -2     -4.485     33.907     -1.075
  -1  209     19.412     21.940      5.938
  -1   -2     36.192     -3.908      7.765
  -1  108      2.507     41.927      3.265
  -1   -2    -16.007     26.470      7.599
  -1  488    -30.437      2.073    -17.784
  -1  136     50.708     44.861      3.222
  -1    9     10.336     13.143      5.931
  -1  105     28.517    -14.634      4.874
  -1   28     -2.310     22.346    -12.549
  -1   -2     18.345    -20.345      6.725
  -1  110     16.561    -12.920      3.866
  -1   14    -16.380     44.249      8.393
  -1   22     -6.377     39.778      2.411
  -1   -2     10.706    -30.130    -20.851
  -1   -2     21.397     53.246      8.517
  -1  682     56.625     38.785      9.197
  -1   -2    -33.496     -9.998     11.037
  -1  143     26.579      1.144     16.591
  -1  104     47.332     39.374      6.882
  -1   -2      6.872     42.048      8.122
  -1   -2      1.088     -6.776      5.069
  -1  307     20.212     46.821      4.430
  -1   -2    -12.850    -11.325      8.974
  -1  477    -16.030     -0.802     10.883
  -1   -2     25.892     21.040     11.410
  -1   -2    -19.204     31.077     -7.046
  -1   -2    -17.143     47.736      7.077
  -1   -2     18.698    -28.128    -12.678
  -1  132    -13.908     20.408     -5.653
  -1  231    -16.902    -20.557      7.530
  -1  133    -47.684     -7.767    -20.641
  -1  272    -48.185      1.115     11.550
  -1   -2    -28.157     -1.490     15.676
  -1  119     13.199      1.052      6.061
  -1  499    -36.584     22.860     10.724
  -1  677      6.798     41.264    -13.070
  -1   -2    -51.636     20.775    -14.910
  -1   52     10.196     -4.415     10.057
  -1   -2    -49.551     22.026      1.533
  -1  140      2.442      3.001     10.411
  -1   -2    -11.096    -15.068      9.605
  -1  696    -47.751      7.935     -8.586
  -1   20     15.867    -32.471      3.680
  -1  678    -54.133     14.957    -13.334
  -1  723    -49.891     33.688     14.726
  -1  985     18.535    -26.440     -5.406
  -1  403     16.904      3.447      5.500
  -1  197    -63.938    -14.402     -7.260
  -1  100    -14.023     26.177     10.062
  -1  428     23.700     23.687      5.644
  -1  137     19.757      8.621      7.836
  -1  877      8.719     51.631      8.497
  -1  214    -11.736     20.284      5.666
  -1   -2    -29.194     50.670    -14.956
  -1  128    -13.436      6.787      7.706
  -1  811    -27.153     17.486      4.325
  -1  102    -11.556     -9.524      5.773
  -1  242     48.725     43.079      7.342
  -1  127    -51.487      5.657    -16.141
  -1   -2     39.834      3.651     14.394
  -1   -2     13.943      4.066      6.148
  -1   -2      2.056    -23.723     14.356
  -1   -2     24.416    -32.383     -0.386
  -1   -2     -6.834     -6.717      9.003
  -1   -2     37.997     49.408      2.510
  -1  223      2.591     26.917      8.807
  -1   -2    -29.679    -14.692      5.101
  -1  234     20.955    -19.739      7.676
  -1  147     25.854    -32.584      0.316
  -1  174    -57.171     17.091      3.225
  -1   -2      5.123    -24.415      1.029
  -1  267    -49.295     19.464      5.575
  -1  112      5.992     38.156      2.434
  -1  903      4.821    -33.103      1.179
  -1  840    -48.806     26.718      1.078
  -1   59    -20.949    -16.219      8.912
  -1   -2      3.082     42.650      1.555
  -1   -2     -5.789     -6.781     10.689
  -1   -2     10.881     20.251      5.712
  -1  548    -10.091    -26.337      7.029
  -1  200    -11.966     48.691      4.226
  -1  884    -24.892     40.086     10.802
  -1   -2      7.913    -29.204    -11.909
  -1  154    -25.177     50.268      8.493
  -1   -2    -53.268    -11.942    -17.954
  -1   -2     20.376    -27.479    -16.579
  -1  250     29.817    -33.092     -1.689
  -1  665     13.545     51.436     10.741
  -1  375      7.492     21.917      8.696
  -1  116      8.386     34.857      6.227
  -1   31     -7.874      3.361      4.135
  -1   -2    -20.837     31.638      4.527
  -1  170     13.093     12.590     10.370
  -1  946     57.105     -6.198     18.662
  -1   38     14.976    -31.668     13.446
  -1   -2      6.808     33.894     19.362
  -1  153     -4.325     -5.691     11.538
  -1  185     36.691    -34.574    -12.125
  -1  134     -5.993     -5.395      5.186
  -1  303     27.958     19.405      8.637
  -1   -2     -2.141     19.900      8.181
  -1  227     -3.437     22.522      9.849
  -1   -2     15.227    -31.331     -6.021
  -1   93     40.599     11.371    -14.445
  -1  145     13.824     18.678      6.509
  -1  216     18.330    -17.312      7.338
  -1   64     42.545     27.677     -0.738
  -1  176    -20.295     -9.366     10.737
  -1   67    -62.032     43.007     16.545
  -1  882     29.987     36.761      8.394
  -1   -2    -30.490    -12.934     -3.586
  -1  219     -4.544    -16.666      8.232
  -1  171    -30.479     -5.470     10.291
  -1  429     13.563    -10.323      8.975
  -1  212    -33.801    -17.010     12.908
  -1  165     24.750    -29.251     12.235
  -1  359      4.185     18.072      7.486
  -1   24    -50.164      7.840     13.070
  -1  361    -60.566     30.632     13.055
  -1   -2    -48.763     17.418     14.377
  -1  187      4.739    -16.459      6.839
  -1  502    -32.394      1.375     15.013
  -1   -2    -24.209     23.034      6.563
  -1  166      8.160     11.307     -5.597
  -1   -2    -34.025      1.385      4.829
  -1   -2     19.693    -31.534      8.770
  -1   -2     37.567     27.864     -6.547
  -1   26    -10.422     10.382      5.871
  -1   -2    -21.729     30.149    -17.842
  -1   -2    -48.940      1.485     -1.052
  -1  391    -22.452     46.792     17.702
  -1   -2      3.498    -25.707    -14.156
  -1  377     32.823     -9.028     18.669
  -1  798    -38.374    -23.241     12.009
  -1   -2    -21.075    -13.150    -12.720
  -1   -2    -58.755      1.853     17.052
  -1   -2     26.105    -12.886      7.789
  -1  159     12.080      8.957      5.789
  -1  226     11.299     20.348      9.850
  -1  300     10.915     -3.533      5.912
  -1 1108    -62.031      3.167     18.023
  -1   53      5.168     -0.982     10.824
  -1  764    -51.728     23.498    -11.518
  -1  289    -13.949    -29.214     18.220
  -1  328      5.029     10.564      8.548
  -1   -2     17.221     28.614     18.673
  -1  380    -32.903      7.118      8.000
  -1   37     20.281    -30.898      8.001
  -1   -2     30.596    -29.894      8.859
  -1   -2     34.100     53.423     -4.524
  -1  528     30.485     11.560    -14.510
  -1  256     12.597      0.639    -18.077
  -1   -2    -51.298     27.645     -0.198
  -1   -2     -2.165    -10.972      8.274
  -1  354     25.353    -26.477      8.412
  -1   -2    -30.410      0.845      3.064
  -1   -2     -9.276     16.063      7.074
  -1  732     40.108      1.010    -16.596
  -1   -2     -7.320    -15.228      9.918
  -1  235    -29.117    -17.454     11.944
  -1   -2    -56.511     21.843     -3.978
  -1  308     -6.249      2.369     16.032
  -1   -2    -37.446     49.960     12.524
  -1   -2     18.395    -31.403     15.504
  -1   -2    -27.138     -4.699      9.085
  -1   -2    -52.037    -28.285    -15.293
  -1   -2    -51.888     13.274    -12.549
  -1   58     -4.617     13.321      8.915
  -1   -2     49.231     42.459      7.729
  -1   -2    -18.586     -5.344     11.152
  -1  208     -8.536      2.612     11.433
  -1  417     21.746     -9.709      5.962
  -1  901    -17.271    -29.795     14.289
  -1   -2    -20.359    -27.892      9.800
  -1  670     34.516     35.563      5.775
  -1   -2    -15.573     -0.987     -4.049
  -1  936     26.243     18.461      7.507
  -1  709    -10.568     11.226     10.668
  -1  188     -1.583     -4.854     13.783
  -1  280    -49.744      0.070     19.002
  -1 1045    -30.126     28.685      8.068
  -1   -2      5.844     17.040     -0.472
  -1   -2     10.787     -8.960      8.226
  -1 1107    -37.220    -16.853    -10.954
  -1  796    -59.006     24.302      9.711
  -1   -2    -13.240    -16.369      8.203
  -1  405     49.800     36.397      3.646
  -1   -2      1.439     -4.592    -15.830
  -1  379     39.456    -35.971     11.256
  -1  999     53.252     18.822      0.428
  -1  288     10.552     29.620      4.950
  -1   -2     21.471    -12.801      9.240
  -1  710    -23.166     31.531     14.384
  -1   -2    -24.550    -15.619    -18.804
  -1   -2     45.123     12.639      8.727
  -1  245    -17.669     -1.197     -3.343
  -1   12      1.047     -5.477      3.272
  -1  314     50.624      7.262      7.800
  -1   -2     22.948     14.443      3.264
  -1  352     -6.541     35.134      5.273
  -1  205    -49.365     22.471      2.758
  -1   -2     -2.734     24.771     20.218
  -1  249     10.965    -28.687    -18.587
  -1  808     37.118     35.662     -2.626
  -1   -2    -14.481     37.189     12.178
  -1   -2    -49.982     -0.680      3.651
  -1   -2     24.262    -32.210      2.899
  -1   -2    -29.905    -22.505      9.656
  -1   -2     22.426     15.921     13.584
  -1   -2     14.318     -9.020      8.017
  -1  320    -49.603     30.925     -0.044
  -1   -2    -17.097     13.190     17.155
  -1  353    -24.788      9.304     16.769
  -1  168    -30.943     42.443     13.889
  -1  244     22.270      9.682     12.452
  -1   -2      8.702     15.860      0.862
  -1   -2    -11.097      2.983     -2.067
  -1  305    -63.182    -10.584     18.915
  -1  473    -12.331      3.820     11.134
  -1  290     52.016     30.758     -0.006
  -1   -2     23.237      6.528      6.118
  -1  298     15.895      0.434     11.352
  -1  411     14.385     40.653     21.704
  -1  935    -38.953    -14.902      9.194
  -1  381     -9.446    -14.927     -0.732
  -1  130    -29.428     32.000     11.482
  -1   -2    -18.346     -2.453     12.398
  -1  120    -13.450    -25.034      4.475
  -1  880     10.192     22.386      8.571
  -1   44     24.372     -0.440    -20.837
  -1   -2    -23.076     24.588     -0.490
  -1   -2    -62.798      5.115     14.235
  -1  172    -28.353    -13.097     19.618
  -1  213    -11.568     49.646      1.973
  -1  264     20.763     17.819     12.716
  -1  564    -51.829     12.694     -8.786
  -1   -2    -47.179     28.141      3.952
  -1   -2     -6.914     -7.556     17.146
  -1  803     38.830      2.659     16.490
  -1   -2     -0.679      0.795      9.381
  -1  660    -48.727     40.286     -0.093
  -1   80      9.052    -32.769      2.002
  -1  736    -15.849     21.204      8.775
  -1   -2     39.340      7.537     11.946
  -1  427      0.857      0.586      6.279
  -1   -2    -14.911     14.071     21.322
  -1  161    -47.763     33.803      8.001
  -1  144     47.233     27.257      6.805
  -1   -2      4.170     11.575     10.108
  -1   -2      4.893     -5.511      9.886
  -1   -2     28.297     21.263      6.286
  -1  358     -7.361     13.936     11.622
  -1  735     -6.675     -9.762    -20.396
  -1  318    -18.175     44.348      1.633
  -1  114    -34.717     30.193      2.007
  -1  336     10.660      3.299     -7.950
  -1   -2    -10.300    -23.902     11.520
  -1   -2     14.175     31.329      8.895
  -1   -2    -27.843      7.076     -7.813
  -1   -2     22.399     -1.733     13.929
  -1   -2    -54.527    -24.338      1.916
  -1  572     -2.817     -0.966     -9.220
  -1  390     39.150     -6.237      8.487
  -1  644    -58.959     -5.635      9.027
  -1  809     12.737      1.698     14.744
  -1  253    -62.442     30.572     13.973
  -1   -2      4.696     -0.949      7.765
  -1  693    -61.979    -12.027     -1.267
  -1   -2     35.414     51.259    -20.575
  -1   -2     24.071     14.476      6.636
  -1  869     23.353    -12.684     -4.209
  -1   78    -13.819    -31.025      4.843
  -1  573      6.295    -29.950    -19.466
  -1   -2    -24.689     11.305     11.570
  -1 1078    -53.345      5.177     19.483
  -1  312     13.829     -7.536      0.911
  -1  424    -19.095     30.322     22.169
  -1   -2     30.129    -30.772      2.132
  -1   -2     27.923     -9.439      7.701
  -1   -2     25.839    -15.864    -18.939
  -1 1087     24.028      5.780      8.214
  -1  306      4.300      7.173      0.010
  -1   -2    -49.600     20.846      1.389
  -1   -2     -6.908    -20.671      3.046
  -1 1034    -25.255     45.906     16.732
  -1  504     39.549     -3.834     -1.230
  -1   -2     40.522    -10.769    -19.113
  -1  491    -12.453     -4.829     13.334
  -1  493     16.987     50.695     -0.261
  -1  268     -5.283     18.523      8.945
  -1  286     50.327     13.806      5.829
  -1   -2     30.940     33.623     10.980
  -1   -2    -25.016    -13.763    -18.747
  -1  240    -21.726      5.214      6.359
  -1  163    -20.250     13.285     13.565
  -1   -2    -23.199     22.646     19.254
  -1  146      6.711    -23.539     -7.057
  -1   -2    -19.686     30.415      9.498
  -1   -2    -21.342     25.399     -1.701
  -1   -2     11.129      9.961     16.903
  -1  319     -7.896     -9.840      5.545
  -1   -2     48.976     23.567      6.100
  -1   -2     17.172     30.915     14.745
  -1   -2     -3.271    -28.487    -17.740
  -1  222     -6.077     23.647      7.610
  -1  317     11.395      7.182     14.040
  -1   -2    -24.365     46.528     20.581
  -1  442    -61.813      3.225     10.435
  -1   -2     22.406      4.215    -16.657
  -1   -2     24.037     19.292      5.588
  -1   -2      4.585     26.897     17.326
  -1  919     33.115     -4.350     -0.279
  -1  338     21.409     -6.135     10.085
  -1   -2     15.601    -29.895    -14.075
  -1  441     -9.304     -0.467     11.415
  -1   -2     27.142    -19.841    -16.597
  -1   -2     16.935    -33.368      2.359
  -1  389     47.375     32.181      6.544
  -1   -2    -28.486     -8.584      4.632
  -1   -2     14.284     42.547     15.025
  -1   -2    -60.398      5.306      4.512
  -1   -2     -3.900     37.574      0.414
  -1   -2     19.711    -29.661     13.471
  -1   -2     -4.432    -14.075     12.459
  -1   -2     10.433      7.844     12.931
  -1   -2    -26.391      5.182     -3.521
  -1  923     16.865    -13.905    -10.092
  -1   -2      5.479     33.956    -14.514
  -1   -2      4.881    -14.368    -11.848
  -1   -2     19.278    -30.483     18.454
  -1   -2     -3.052     15.642      5.804
  -1  357    -17.197     14.480     15.522
  -1   -2    -19.485     44.183   -149.754
  -1   -2      2.408     -9.406      9.935
  -1   -2    -43.291    -29.396      7.413
  -1   -2     19.008     -6.092      5.888
  -1   63     23.011     11.914      4.451
  -1   -2    -50.576    -22.136      4.733
  -1   -2     22.467    -22.112      4.344
  -1  702     -9.664     13.605    -13.794
  -1   -2    -15.969     -9.142      8.670
  -1  523     24.754     42.122    -13.274
  -1   -2     -4.901     -3.987      0.797
  -1   -2     14.597     -3.157      3.032
  -1   -2     19.788     -0.705     10.090
  -1   -2     17.969     -2.123     11.623
  -1  228      7.528    -27.875     19.139
  -1  721    -57.199    -23.615      0.209
  -1  369    -52.103      3.515     -9.186
  -1   -2     14.707    -20.623    -19.500
  -1  454     -0.154     17.975    -18.683
  -1  415     49.360      7.136      4.794
  -1   -2    -52.330     -6.269    -11.411
  -1  340    -34.052     -2.107     11.388
  -1  157    -37.384     41.478      7.745
  -1   -2    -22.986     11.377     14.946
  -1  139     23.431    -30.155    -10.792
  -1  758     38.375     -4.732      6.045
  -1   -2    -11.329    -12.744    -15.002
  -1   -2    -49.813     25.582      3.423
  -1  199    -11.996     -9.581      8.623
  -1  486     16.374      0.173     15.367
  -1   -2    -39.381     34.542     10.139
  -1  414     51.164      2.618     12.689
  -1  738    -50.080     52.121      0.531
  -1  902    -19.341     -3.060      2.376
  -1   -2     12.722     -0.392     19.830
  -1   -2    -18.834    -16.049    -17.298
  -1   -2    -31.069    -14.828      8.278
  -1   55    -15.055     -3.177     10.034
  -1   -2      2.820      8.607    -14.210
  -1  266    -26.944     -3.509      8.286
  -1  409    -59.641      7.566    -12.254
  -1   92     10.769     39.518     12.984
  -1   -2    -62.060     39.463     11.704
  -1   -2      0.055    -20.014    -10.880
  -1   -2     -5.691     -4.774    -18.083
  -1   -2    -26.152    -14.573    -15.293
  -1  501    -13.514    -23.813     12.040
  -1 1010    -31.522     18.094    -14.760
  -1  247     13.961      2.887      5.843
  -1   -2    -53.495    -13.014     -1.282
  -1   -2    -10.665     36.572      4.533
  -1  436    -61.910    -23.135      5.018
  -1  448     -6.025     -2.564      9.367
  -1  922     23.674    -10.508     11.381
  -1  844     38.332     17.585     13.132
  -1   -2    -61.317     37.564      3.972
  -1  817      1.572     18.188     -4.875
  -1   -2    -34.299    -11.626     -0.498
  -1  967     -1.550      9.423    -14.438
  -1   -2     18.674    -21.161     14.096
  -1   -2    -15.925     -0.525     13.914
  -1   -2    -34.163    -24.647     -5.809
  -1 1023     40.262     -4.270     11.030
  -1  218     20.193    -29.398    -15.257
  -1  748    -15.380     13.704    -19.344
  -1  435     16.565     -7.913     10.451
  -1  584     -5.263    -11.801      2.893
  -1   -2    -33.943      2.569      8.003
  -1  847      4.791    -18.858     -1.848
  -1  302     12.031    -30.081     19.479
  -1   -2    -45.134     49.630     11.700
  -1  481     54.234     27.714      6.344
  -1  775    -28.628     13.046      9.388
  -1  190     -7.496    -30.820    -19.223
  -1 1062     27.363     -8.299    -11.497
  -1   -2    -15.695     44.842      2.853
  -1    5    -10.228     35.134    -12.557
  -1  951    -51.222    -22.298     -4.653
  -1  366    -22.714    -10.805     15.984
  -1   -2     14.216     -0.058    -16.605
  -1   -2      0.873     27.019     -1.702
  -1   -2    -25.389    -10.666     16.030
  -1  313    -32.625      7.974      0.554
  -1  257    -23.837    -22.078     11.723
  -1   -2     12.735    -25.308    -19.100
  -1  495    -63.809     25.770     10.406
  -1  339      8.269    -32.642      3.115
  -1   -2     39.180     26.093      7.449
  -1   -2    -43.423    -30.967     -2.237
  -1   -2    -49.424     32.100     16.194
  -1   -2    -11.052     27.104    -13.724
  -1   -2     30.492    -24.682    -11.775
  -1   -2    -30.628    -29.243     17.493
  -1   -2     14.536     33.563      6.701
  -1   -2      0.881      3.737      8.222
  -1   -2     41.717     -4.281    -16.857
  -1  413     10.198     15.713      6.600
  -1  627     18.394      1.560      0.450
  -1  164    -21.494    -20.672     10.952
  -1  294     -0.864    -32.192      7.105
  -1   -2      6.462     36.972      8.632
  -1   -2    -52.263     10.770    -20.820
  -1   -2    -29.647     43.608     -9.519
  -1   -2    -64.340     13.208      4.690
  -1  714    -52.401     24.427    -15.203
  -1   -2    -34.191    -19.385     11.931
  -1  536     33.857    -24.557      6.431
  -1  189    -49.443     -6.775      3.090
  -1   -2     30.592      7.215     -5.103
  -1   -2     37.905     48.439     -6.242
  -1   -2    -58.527    -15.686    -19.051
  -1   -2     39.286     10.460      7.065
  -1   -2     16.109     35.194      8.642
  -1   -2      0.436    -21.142     11.267
  -1 1084      8.999    -22.522    -11.199
  -1   -2    -41.063     17.332     -0.934
  -1   -2    -51.032     13.609     -6.097
  -1   -2     35.037     26.342      0.986
  -1  600     52.078     49.411     12.512
  -1  514    -49.822     33.174     12.728
  -1   -2    -49.812     29.690      9.817
  -1  520     25.650    -33.213      4.162
  -1   62     18.268     44.874    -12.785
  -1   -2    -25.480      2.626      9.729
  -1   -2    -54.416     53.401     12.981
  -1 1072     51.988    -23.597      9.259
  -1  541    -64.205    -20.451      4.069
  -1   -2     19.667     19.264     -9.190
  -1  909    -26.305      0.412     -9.351
  -1  867     36.007     16.935    -20.824
  -1   -2    -16.871    -17.440     10.374
  -1  905    -37.832     52.216     -0.995
  -1   -2     27.028    -10.884    -19.125
  -1   -2     -4.469     48.644    -14.062
  -1   -2      9.102      0.815     -8.871
  -1  616     28.944     47.292    -20.679
  -1   -2     11.997     30.233      7.720
  -1   -2     26.319     19.029     23.383
  -1  269     20.747      8.357     -6.423
  -1  529    -24.305     -2.181    -17.068
  -1   75     36.186      8.673    -10.924
  -1  291    -42.467    -23.232      6.940
  -1   -2     38.652     -0.582     17.420
  -1  562      4.852     36.241      7.561
  -1   -2    -24.053     18.259     15.251
  -1   -2     20.348     51.531      6.362
  -1  408    -61.507      4.453     15.066
  -1   -2    -24.077    -16.528    -19.299
  -1   -2    -60.788     34.101     16.164
  -1   -2    -29.157     -4.323     18.778
  -1  492     40.485     20.285     19.702
  -1   -2    -28.583     15.526     15.118
  -1  778    -44.741    -15.067    -13.323
  -1   -2    -39.955     55.513     13.906
  -1  630    -50.217    -24.516     14.232
  -1  790     15.136    -26.810      7.379
  -1  393     -9.394    -20.915      9.415
  -1  613     36.323     45.413    -10.902
  -1   -2    -62.836     -2.517    -18.571
  -1   -2      8.166    -30.524    -17.903
  -1  563    -64.883     -3.058      3.840
  -1  581    -46.605      7.530    -20.858
  -1   -2      8.081     25.476      9.157
  -1  708     16.951     53.527      3.632
  -1   -2     10.820     -3.833      9.938
  -1  446     17.068     10.120    -11.589
  -1   -2     38.890     55.978     15.469
  -1  990    -20.284    -20.824    -12.713
  -1  376     29.294      8.574      6.973
  -1  672    -62.111     14.548    -19.065
  -1   -2      3.024     39.531     -9.793
  -1  628     30.014    -21.420     -4.084
  -1   -2    -49.195      8.462    -20.674
  -1   -2     44.706     27.652    -16.944
  -1  509    -49.211    -16.323      0.311
  -1  599    -40.530     50.309    -13.741
  -1   -2     16.228     52.123      6.142
  -1  864     -1.404     51.226     10.591
  -1   -2    -12.160     11.335      3.908
  -1   -2    -16.527     23.736      6.690
  -1   15    -16.404     29.230     -8.772
  -1  450    -49.953    -10.800      8.957
  -1  553    -22.397     22.582      8.608
  -1  841     -1.625     30.908     13.811
  -1  674    -39.355    -11.021     -3.403
  -1   -2    -48.922    -20.629     16.710
  -1   -2    -52.916     11.562    -21.436
  -1   94    -49.909     30.357     13.140
  -1   -2     10.645    -18.031    -18.938
  -1  365     22.445    -16.901      7.266
  -1   -2     -8.169     37.241    -11.733
  -1  215     29.224     52.989      1.037
  -1  179    -53.186     18.963    -18.591
  -1   -2     51.829     35.815      9.200
  -1   -2     19.299    -19.837     14.224
  -1   -2    -49.802     28.814     11.255
  -1  191     20.810    -31.796     -4.796
  -1   -2     53.454     38.163      5.164
  -1   -2     -8.924     -7.696      6.564
  -1  649    -24.527      5.332     11.276
  -1   -2    -13.997     -6.441     -0.153
  -1   -2     13.429     50.842     10.045
  -1   -2     49.199    -13.592     -7.099
  -1   -2    -49.513    -31.762    -15.720
  -1   -2     24.662     -8.671      7.538
  -1  276     -1.754    -22.100     19.788
  -1  656    -20.957    -10.273      8.650
  -1  826      9.900    -33.174     -4.137
  -1   -2     49.699      9.523     19.485
  -1  283     11.423     26.970     11.703
  -1 1105     19.356    -12.730     -7.821
  -1   -2     51.691    -13.623    -18.249
  -1  575     37.380     33.488     -2.121
  -1  419    -13.874     41.283     16.259
  -1   -2      6.777    -27.285     -4.272
  -1  265    -50.199     47.518     -4.096
  -1   -2      4.692     17.647      9.711
  -1   -2    -62.330     32.509     15.692
  -1  835      6.692     49.000      6.935
  -1   -2    -24.988     20.643     -9.051
  -1   -2    -40.587     48.668     16.647
  -1  752    -45.314    -30.188      5.443
  -1  960    -34.722     -7.226      8.598
  -1   -2     37.705     16.385     -5.107
  -1  639    -60.618     12.782    -12.365
  -1   -2     38.222     -7.879     -0.523
  -1  640      9.089    -24.395      5.317
  -1  659    -16.969    -15.018    -19.265
  -1   -2     12.782     38.397     21.321
  -1   85     13.735     13.861     10.571
  -1  355      3.979     40.961     15.551
  -1   -2     54.349     22.533      4.189
  -1  279    -29.057    -28.174      1.241
  -1   -2     34.855     40.052      8.866
  -1   -2    -57.673     19.390      0.062
  -1   -2    -56.782     30.580     14.858
  -1   -2     35.490     10.808     -7.560
  -1 1086    -22.820    -11.617     18.872
  -1   -2     38.423     51.180     13.087
  -1   -2    -37.931    -27.059    -16.315
  -1   -2    -49.389     40.196      7.005
  -1   -2    -64.042     22.646    -14.729
  -1  327    -52.166    -10.672     -9.484
  -1   54     17.986     32.347     12.434
  -1   -2     40.195     51.602     -8.356
  -1  325     14.301    -30.541    -18.129
  -1   -2      8.027     52.035    -13.138
  -1  621    -51.507     -3.497    -21.367
  -1   -2    -48.980     15.960     13.804
  -1   -2      0.219    -24.212     11.547
  -1  741    -62.615    -10.689    -20.000
  -1   -2    -61.705     -8.230     12.512
  -1  851     40.491    -21.823     -6.867
  -1   -2     12.284      5.082    -21.748
  -1   -2     56.174    -19.560     -1.966
  -1   -2    -31.638    -22.628     15.232
  -1   -2    -46.961     35.606    -17.937
  -1  643     50.407    -19.055     -2.918
  -1  527     28.178     38.445      8.944
  -1   -2     24.094     -0.248      8.114
  -1   -2    -49.371    -14.620      3.757
  -1   -2     37.382    -16.706     -0.707
  -1  650    -58.417     -1.489    -11.612
  -1  981      0.751     32.131     12.207
  -1   -2     -9.652     27.408     11.180
  -1 1066    -19.018    -14.175     18.048
  -1   -2     50.353    -33.823    -16.833
  -1   -2     10.094     32.103      5.653
  -1  460    -20.114     -9.912     18.106
  -1  259    -59.701     28.483     14.915
  -1   -2    -38.143      8.399    -12.669
  -1   -2    -44.020    -28.102     -9.221
  -1   -2     23.000    -13.093    -14.523
  -1   -2     52.716      4.951      6.603
  -1  458      8.121     26.691     10.675
  -1  316    -36.558     35.547     10.899
  -1   -2    -51.880     31.044    -22.535
  -1  839     39.952      2.305     -3.886
  -1   -2    -11.413      8.760      8.122
  -1   -2    -53.074     42.184     21.005
  -1  337    -62.961     -8.169      1.890
  -1   -2     35.750     43.099    -10.516
  -1   -2    -60.940    -35.898    -17.800
  -1   -2    -39.807     36.866     -5.792
  -1  478    -56.065     39.209      2.302
  -1  623     34.817     40.922     10.613
  -1  591     12.071     47.432      6.764
  -1  184     37.072    -12.730     -3.750
  -1   -2     40.852     52.598    -23.393
  -1   -2     39.943     -7.665     -4.586
  -1   -2    -62.250     24.865     11.345
  -1   -2      2.174     27.768    -19.089
  -1  474      0.640    -22.107      7.161
  -1   -2      7.939     50.608      9.091
  -1  949     46.239     -7.074     21.185
  -1  957    -16.462      3.174      0.215
  -1   51    -21.754     30.819      9.850
  -1   -2    -48.436    -20.012      1.871
  -1   13    -27.643     18.467     -2.396
  -1   -2     13.707     20.803      8.488
  -1  579     36.437     36.797     -9.987
  -1  155      1.682    -33.378      9.824
  -1  260    -17.492    -18.407    -21.011
  -1  367    -60.970     43.957    -10.768
  -1  421    -27.890    -18.756     -6.906
  -1  717     55.228     -5.648      3.844
  -1   -2    -64.208     10.667      8.384
  -1   -2    -16.475     23.748      0.499
  -1  542     30.217     23.971      8.215
  -1  418      0.479     -1.887     11.739
  -1 1101    -12.974      5.334    -21.210
  -1   -2    -28.766     -3.762      6.092
  -1   -2     13.029      0.557     21.009
  -1   -2    -33.290      4.424     13.626
  -1   -2     39.284      6.721      8.462
  -1  963    -47.390      4.299      7.378
  -1   -2    -23.644     -0.201      8.177
  -1 1089    -56.820     -8.575     16.162
  -1  271     -0.084     11.764      0.953
  -1  648     30.032     47.044      6.917
  -1   -2     40.699     43.590    -17.421
  -1 1074    -14.056    -19.227    -20.363
  -1  900     -0.041     -3.309     14.214
  -1   -2     37.749     -8.345      2.358
  -1   -2    -58.201     12.573      3.444
  -1   -2     56.485     14.836     17.278
  -1   -2    -58.434     10.565    -16.263
  -1  459    -33.573     37.869    -18.835
  -1   -2     16.212    -16.834     14.839
  -1  524     -8.541    -27.659     -9.569
  -1   -2    -34.756    -13.344     18.508
  -1   -2     38.701     37.246     21.090
  -1   -2    -61.840    -12.564     15.638
  -1  787    -33.133     27.464     -3.157
  -1   57    -10.105      2.236    -14.923
  -1  251    -22.417     20.305     -8.840
  -1  326    -23.381     11.916     -3.345
  -1   -2    -12.512      6.053     -9.384
  -1  406    -29.393      8.824     -3.326
  -1   -2    -54.149     37.682     17.902
  -1   -2    -48.804     38.848      0.395
  -1   -2      8.300     -9.290    -18.113
  -1   -2    -34.997    -18.440    -20.730
  -1   -2     27.849    -10.808     18.522
  -1   -2    -30.988    -17.423     -9.558
  -1  412     -5.974     -9.460      9.371
  -1   -2     42.678     47.621     -4.523
  -1   -2    -31.916     25.407     -4.435
  -1  254     21.978     -1.283      8.001
  -1  908     18.999    -21.498    -17.662
  -1   -2    -57.025     20.907     -0.166
  -1  434    -12.232      7.972     -8.249
  -1  445    -38.402    -26.932     21.024
  -1  472     17.931     25.373      7.920
  -1   -2     13.685     53.762      2.692
  -1  437    -64.139     19.341     -0.771
  -1  464    -26.256     -9.648    -21.582
  -1  751    -38.765    -23.024     -0.675
  -1  122     -1.017    -24.706     -2.838
  -1  666    -47.163    -32.237     10.581
  -1  842     14.334     49.311    -19.223
  -1   74     -3.463    -32.176      5.460
  -1   -2    -54.133     -5.448      0.665
  -1   -2     37.077    -13.713     -2.612
  -1   -2     -8.589     -8.653     11.691
  -1  913     56.992     11.961     16.979
  -1  833    -17.884    -23.714     -5.101
  -1  237    -50.040      0.635     13.793
  -1   -2      1.749      3.577     17.663
  -1  873    -55.205    -22.514      4.015
  -1  360    -31.190    -12.158    -11.481
  -1   -2     50.503     32.314      8.881
  -1  827     36.800      3.219     -1.485
  -1  716    -47.716    -19.393    -16.315
  -1  402    -27.503    -24.850     11.470
  -1  329    -52.835    -27.286    -18.035
  -1   -2    -38.718      3.373     -1.720
  -1   -2    -19.990     10.854     17.755
  -1  544    -64.528    -22.452     12.775
  -1  508     29.964    -12.940      2.068
  -1   -2    -24.771    -22.126      9.364
  -1  451    -49.848     28.136     12.202
  -1   -2     -6.186     42.964     -5.871
  -1  725     51.839      0.005      8.302
  -1   -2     21.471    -17.777      7.458
  -1  388    -10.258     27.523     11.516
  -1  821    -51.929    -18.497    -15.153
  -1   -2     41.052     50.104     10.063
  -1   -2    -62.826     27.983     -5.748
  -1  853     22.434    -25.984     -1.751
  -1 1075     50.643     29.670      1.587
  -1   -2    -31.626     43.924     -8.796
  -1   -2    -42.577     32.398    -22.329
  -1   -2    -45.508    -21.732      7.564
  -1  711     38.076     53.408    -22.570
  -1  349     -8.438     45.800     10.061
  -1  559     37.193     22.400     -4.318
  -1 1104     40.457    -32.896     20.018
  -1   -2     -9.327     48.119      7.329
  -1  592     36.862     16.737    -13.598
  -1   -2     18.545     42.327    -18.840
  -1   -2     -6.161     43.043    -18.996
  -1   -2    -49.503      1.145      7.259
  -1   -2    -59.585     37.700     -4.839
  -1 1091     39.124     57.911    -14.895
  -1   -2    -39.448    -17.350      9.437
  -1  938    -35.328     15.940      7.064
  -1   -2     35.243    -20.458    -18.942
  -1   -2     41.437     12.498     14.661
  -1  888    -60.182     53.271      6.357
  -1  961     26.133     -3.139      8.045
  -1   -2      4.120     -6.644     -3.652
  -1  959     45.594     30.333    -20.159
  -1   -2    -18.509     17.096     13.107
  -1   -2     -0.192    -32.315      2.254
  -1   -2     39.441     14.978    -18.256
  -1   -2      2.512    -16.137     -3.494
  -1  578     39.035    -21.538      0.060
  -1  343    -23.026     -5.380    -10.527
  -1  426     50.587     -3.267      3.075
  -1  304     10.634     23.390      4.705
  -1   -2     -1.256     26.900    -10.859
  -1   35     35.838     13.681     -8.962
  -1   -2     58.464    -12.671      4.500
  -1   -2     36.815     -3.556    -15.388
  -1   -2    -56.212     47.944     19.498
  -1  893    -52.015      5.031    -12.333
  -1  103    -31.870      2.287     17.005
  -1  347    -48.563     22.322     -6.610
  -1  475    -23.321     -3.831      7.846
  -1  890    -62.470     13.386    -20.625
  -1  287     37.235     31.948     -2.601
  -1  401    -18.625      6.362    -15.819
  -1 1098    -14.922    -35.090    -19.566
  -1   -2    -35.715     -3.466     12.138
  -1   -2    -42.622     31.821     -0.780
  -1  855    -50.350    -29.637     -6.968
  -1   -2     -0.648     31.742     16.989
  -1   -2     -6.348    -31.788    -19.662
  -1  425     29.624      2.461    -16.951
  -1  522     -6.805     51.589     -6.787
  -1   -2    -54.627      1.987     -2.234
  -1  634    -57.550     18.058      7.182
  -1  540    -51.544      8.252     -8.672
  -1   -2      4.992     38.681      3.896
  -1   -2    -45.842      1.097     19.703
  -1  720     10.010     30.787     -1.747
  -1  255     14.057     27.233     11.447
  -1  296    -29.222    -12.108     15.617
  -1  762     55.807     10.517      7.965
  -1   -2    -51.689    -34.517     -7.287
  -1  323    -49.815     38.183     18.357
  -1   -2     -7.607     -4.145      6.343
  -1   -2    -14.031      9.618    -21.962
  -1  806    -34.193    -12.732     20.549
  -1   -2    -40.791     44.308     11.283
  -1   -2     21.053     -7.551    -11.794
  -1   -2    -59.700      8.104      7.803
  -1   -2    -38.587     -5.613      7.330
  -1  321     39.041     38.485     14.657
  -1   -2      2.397     -8.246      8.043
  -1   -2    -57.281     -7.266     19.588
  -1  779     25.823      8.546     13.253
  -1   -2    -29.516      4.249     13.107
  -1   -2    -12.974    -11.446     13.001
  -1   -2    -18.802     52.264     10.438
  -1  480      2.243    -19.909     16.218
  -1   -2     -8.106    -31.437      1.084
  -1   -2    -18.574     42.015     16.065
  -1   -2    -31.210     48.144     13.553
  -1  461      8.140     26.221      1.389
  -1   -2    -44.159      1.265     16.211
  -1   -2     54.234      5.827      4.889
  -1  818     38.911    -17.814     13.005
  -1  772    -44.978     -5.873    -10.144
  -1  263     22.794     -0.350      6.979
  -1   -2    -14.963     31.781     -6.632
  -1  917    -61.091    -17.349     11.547
  -1   -2     -5.186    -20.802     13.178
  -1  386     40.348     28.376    -19.611
  -1  850     35.755      0.440    -21.331
  -1   -2    -59.280     45.069      9.701
  -1   32     37.451     28.240     -8.689
  -1   -2     23.962     -6.538     15.701
  -1  679    -49.668     14.865     11.499
  -1  129      6.439    -30.292    -14.610
  -1 1009     31.967     49.320    -20.148
  -1   -2    -49.302     17.951      4.023
  -1   -2     56.068     19.018      6.467
  -1   -2     -1.844    -30.839    -21.091
  -1   -2     21.649     41.765     26.020
  -1  927     33.400    -23.752     16.365
  -1   87     10.328    -33.004     14.035
  -1  439      0.603      5.884     12.831
  -1  138     19.936     28.761     -8.413
  -1   -2     -2.944    -12.940      8.145
  -1  232     -8.711     37.320      6.035
  -1   -2     50.859     -6.992      2.083
  -1  631      7.548     15.870      7.783
  -1  734    -53.641     17.584     13.439
  -1   -2    -35.364     48.185    -14.836
  -1  771    -10.962    -15.465     -6.139
  -1  372     13.786    -13.690     -6.227
  -1  974    -19.924     46.950      6.995
  -1   -2     38.126    -17.239     -0.793
  -1 1093      5.418    -13.857     10.450
  -1  889      9.856    -18.240    -14.484
  -1   -2    -57.424     10.009      9.542
  -1   -2    -50.895    -21.207     21.151
  -1  261     28.362     11.608      8.965
  -1  986     -4.752     18.429     18.068
  -1   -2     -5.340     -3.346      6.240
  -1  962    -64.799     21.683     -3.295
  -1  532    -43.534    -32.889     -3.844
  -1  387     34.670     12.675     10.950
  -1  773     14.650     58.667     20.302
  -1  799     51.246      4.439     -8.793
  -1  823     -9.168      9.123     13.035
  -1  252     11.652    -12.173     13.023
  -1  705     43.203     57.367    -20.965
  -1   -2     -2.792     30.563     15.112
  -1   -2     34.142     36.873      6.354
  -1  468    -14.110     25.755      2.762
  -1  756    -18.604     42.959     13.048
  -1  178    -10.792    -19.129     13.781
  -1  482     41.083     17.503    -18.391
  -1  605     22.596     19.664    -19.911
  -1   -2    -40.337     -1.744      8.473
  -1  947     45.982    -32.407    -10.292
  -1   -2     13.670    -12.689      3.566
  -1  552    -58.990     35.570     21.074
  -1  519     41.266     20.272     -8.503
  -1   -2     -2.058     45.615     18.402
  -1  394      0.444     -5.141     15.549
  -1  467      4.693     -6.735    -20.671
  -1   -2    -20.796     36.477     19.606
  -1   43     18.157     -3.735      6.306
  -1  201     15.934     26.291     -3.407
  -1   -2     52.279      8.161      7.632
  -1   -2     45.874     17.708      7.091
  -1  273    -24.411    -15.225     16.797
  -1 1021    -49.984      6.443      5.295
  -1   -2    -61.909      5.449     18.965
  -1   -2     43.859     -1.388      3.324
  -1   25    -29.137     37.098     -5.402
  -1   -2     55.490     50.577      2.519
  -1   -2     40.805      1.732     20.028
  -1   -2    -41.091    -30.639     21.439
  -1   -2     18.711     36.232    -17.717
  -1  278     24.840      0.930     13.561
  -1   77     35.453     42.845     13.092
  -1   -2     26.045    -24.606     15.761
  -1   -2     13.840     12.306     21.707
  -1   -2    -59.403     48.207     11.120
  -1   -2     49.083     20.608    -17.987
  -1 1002    -19.827      4.661     21.384
  -1   -2    -23.537     -4.148     23.094
  -1   -2     36.859     26.330      0.426
  -1   -2      2.861     24.898     -6.323
  -1  763     16.225    -24.185     13.888
  -1   -2     35.183    -27.328    -12.208
  -1  233    -22.869    -13.818    -20.175
  -1 1006    -13.961      6.873      8.656
  -1   -2    -63.483     15.580     -5.000
  -1   -2     22.726     -2.464      5.950
  -1  455    -45.445     47.232     15.302
  -1   -2    -57.808     34.674    -12.406
  -1   -2     17.371     35.232     20.581
  -1   -2    -59.598     37.348     16.895
  -1   -2     21.908     25.201     20.671
  -1   -2     -3.377     30.569    -17.775
  -1   -2     23.531     18.068     21.025
  -1  661    -34.435     12.508    -16.907
  -1   -2    -30.408     13.124      4.238
  -1   -2    -49.892     43.539     14.592
  -1  843     41.765    -25.029      9.882
  -1   -2    -46.884      5.780      1.856
  -1   -2    -54.099    -12.307     14.205
  -1   -2    -31.774    -21.161      9.465
  -1   -2    -23.061    -18.557    -14.527
  -1   -2      1.233     19.454    -12.646
  -1  225     17.836    -35.041     -8.839
  -1   -2     -7.761    -25.844     13.815
  -1   -2     -3.970     25.262    -20.040
  -1  530    -64.928     33.440      2.053
  -1   -2    -62.729     35.145     15.639
  -1  456     28.528     51.526     -8.231
  -1   -2    -20.069     -0.758     -5.215
  -1   68    -34.147     52.321      8.521
  -1   -2     -4.098     -9.380    -19.310
  -1   47     -6.574    -20.934     21.256
  -1  785    -62.099     33.125     16.287
  -1  874    -56.344     49.747     12.979
  -1   -2     -4.307     20.929    -13.553
  -1   -2    -29.524     46.555     -5.635
  -1  930     -6.183    -12.752    -17.724
  -1  344    -22.355     17.214      9.029
  -1   -2     -3.906     41.460    -13.347
  -1  239    -62.032    -14.276     15.165
  -1   91    -46.008      7.942     -4.422
  -1   -2      2.149    -31.795      1.579
  -1   -2     24.831    -32.038     -2.918
  -1   -2     19.821      6.139    -10.263
  -1   -2    -14.118    -29.501     13.714
  -1   -2    -33.347    -19.261    -20.998
  -1   -2    -27.132     17.064     24.297
  -1   -2     54.055    -37.374      4.300
  -1  202      3.221     21.938      0.834
  -1  978     16.244      3.462    -11.176
  -1   -2      7.461     24.333    -23.672
  -1  589     24.805     26.448      7.918
  -1   -2     12.960    -12.132    -13.904
  -1   -2     -5.688    -32.399      5.621
  -1  274    -15.930      4.133      3.172
  -1  885    -11.519     29.694    -16.765
  -1   -2     42.498    -21.490    -21.130
  -1   65    -31.154     53.209     12.780
  -1   -2     -7.886      9.223      2.309
  -1   -2    -26.063     45.490     11.518
  -1   -2    -16.456      1.112    -11.847
  -1  876    -29.262     49.292     19.667
  -1  123    -48.194     41.127      3.790
  -1  701     13.515     34.936      7.099
  -1  465    -60.954    -29.344     -2.181
  -1   -2     20.888     -2.495      2.700
  -1  341     39.653     -0.365     19.369
  -1  767    -47.441    -21.399    -20.830
  -1   -2    -19.127    -19.772     13.442
  -1  430     42.195     36.229      8.009
  -1   -2     -3.947     39.002     11.415
  -1   -2      3.177    -20.865     -0.152
  -1  601     47.255     21.741    -22.506
  -1  230     29.941     21.059      4.404
  -1   -2    -26.553     23.062     10.986
  -1  713    -50.861     -9.472    -19.549
  -1  483      3.036    -17.956     14.873
  -1   56    -46.995     16.687     15.383
  -1   -2      7.275    -22.829      9.029
  -1   -2    -34.476     20.571     16.588
  -1   -2    -58.157     31.851     11.236
  -1  940     38.206     -9.985     -7.879
  -1   -2     14.341     -5.509    -17.454
  -1  567      1.424    -16.067     -0.601
  -1  595     25.095      6.581     20.413
  -1  664    -42.274    -30.991    -19.761
  -1   -2    -62.041      6.097     -7.343
  -1   -2      4.670     49.208    -21.008
  -1  113    -26.043     16.714      9.798
  -1   -2     -1.134     23.983      5.286
  -1   -2     24.342     -4.927     13.376
  -1   -2     13.670    -16.377    -15.562
  -1 1110     -1.915      7.293    -12.119
  -1 1095     55.805     21.269     17.908
  -1   -2    -52.693     13.267    -19.974
  -1   -2    -58.698     46.016    -16.862
  -1   -2    -64.514      7.492      9.781
  -1   -2    -35.406      4.323      0.934
  -1 1067    -57.365    -14.263     -7.501
  -1  746     15.266     40.428     15.663
  -1  125    -30.270     -3.283     17.218
  -1   -2     43.890    -34.655     -3.437
  -1  561     13.723    -15.994     18.618
  -1   -2    -12.135    -35.161    -17.760
  -1   -2    -31.311     -4.236      5.686
  -1   -2    -61.339     35.435    -16.582
  -1   -2    -58.756     17.566     -4.243
  -1   -2    -57.429    -18.742      0.843
  -1   -2    -52.312      6.178    -10.451
  -1   -2      1.552    -12.926    -17.063
  -1  463    -51.658     12.996    -15.758
  -1  606    -34.629     -7.123    -15.260
  -1  866     47.880    -14.655     -1.425
  -1   -2    -43.636     19.730    -15.950
  -1   -2     24.704    -31.225     12.643
  -1   -2    -62.588     51.273      6.581
  -1   -2     22.856     -2.971      0.212
  -1  181     13.959     -9.043     10.769
  -1  440     28.418     -9.308      9.238
  -1   -2    -61.020     -0.161     16.745
  -1  330    -15.861     12.195    -15.322
  -1 1012      5.818     44.715    -20.027
  -1  447     24.583    -19.782     21.158
  -1  107     38.949      7.718      9.932
  -1   -2    -33.901     15.015     -2.591
  -1   -2     33.603     -9.922      1.136
  -1 1007     -7.331    -16.347    -10.300
  -1  836    -44.583    -17.828    -13.812
  -1 1061    -20.282    -30.387     -8.951
  -1  370    -50.200     44.427    -21.619
  -1   49    -27.932     -6.997     19.348
  -1  534    -30.422      1.408     -3.648
  -1   -2    -35.820     46.283     12.669
  -1   -2     -8.472     14.296     12.805
  -1   -2     29.951    -15.876    -17.004
  -1  511    -52.228    -12.327    -13.871
  -1   -2    -41.904    -26.910     14.917
  -1   -2    -42.496    -35.349    -12.004
  -1  822    -46.362     17.000     -2.603
  -1   -2      5.301     34.254     11.596
  -1   -2     -2.071     32.498    -15.100
  -1   -2      7.452     35.098    -12.728
  -1 1090    -60.181     35.549    -19.074
  -1   61    -24.614     24.619      2.960
  -1   -2     23.120      4.860     18.794
  -1   -2    -55.271     33.813    -19.259
  -1 1043    -10.763     13.969     18.294
  -1 1035     13.239     47.148      8.551
  -1  896     38.094     37.846    -18.161
  -1   -2    -37.503     11.929     -5.890
  -1   -2     -9.774      4.083      2.511
  -1  872     50.296     -8.586     -5.460
  -1   -2     41.455    -26.118      3.872
