1276
  -1   -2      9.801     13.291      8.395
  -1   -2     21.333     42.353      7.691
  -1   -2     12.093    -31.138     12.054
   1   -2     23.422     37.758      9.183
  -1   -2     26.893    -30.227      6.826
  -1   -2     14.925    -31.187     13.525
   5   -2     38.974     50.390      8.442
   4   -2     -5.368     33.077      1.166
  -1   -2    -26.822      0.531     12.941
1163   -2     38.282     11.265     -0.773
   7   -2    -10.753     36.341      3.720
  -1   -2      5.392      9.748     10.461
  18   -2    -23.510     48.752      2.265
  -1   -2    -12.666     18.744      4.584
  -1   -2    -26.247      0.511     13.477
  -1   -2     18.643    -12.283      4.079
1183   -2    -34.382     51.999      8.892
  -1   -2    -46.291     34.050     10.917
  13   -2     37.512     22.864     11.060
  -1   -2    -12.178      2.168      3.380
  -1   -2    -20.125     31.181     -4.191
  27   -2    -14.684    -21.284      7.188
  -1   -2     11.609    -14.676     10.239
  -1   -2     19.953    -22.905      9.788
  -1   -2      9.110     28.786     11.302
  -1   -2    -33.577    -11.562     11.381
  -1   -2     10.591     50.181     -8.971
1159   -2     13.105     16.310      3.651
  -1   -2    -22.333     34.360     12.084
  -1   -2    -18.456     47.892     13.391
  -1   -2    -28.228     15.778      5.683
  23   -2     -5.427     36.419      5.163
  34   -2      6.467     13.213     11.647
  -1   -2      1.852     -6.521      5.295
 268   -2     16.936    -31.141     13.237
  -1   -2     21.286     33.200      5.529
  -1   -2    -15.191     50.170      2.035
  63   -2    -19.385    -20.246     11.219
  -1   -2    -49.005     16.470     10.900
  -1   -2    -45.850     15.441     18.447
  -1   -2    -36.035     28.928      7.403
  68   -2     -5.977     -7.334     10.647
  80   -2     21.526    -19.522      6.784
  -1   -2      1.823      2.641     10.842
  -1   -2    -25.088      0.405     16.831
 105   -2      2.793     43.463      9.449
  -1   -2      6.806     13.653     -2.050
  53   -2    -27.646     17.541      5.481
  -1   -2     -5.193      2.646      9.051
  62   -2     -7.207     39.493      2.900
  -1   -2     39.395     50.775     10.521
  75   -2    -17.567     26.322      7.659
  -1   -2    -17.597     44.179     26.280
  70   -2     36.555     11.290      0.732
  -1   -2    -13.821      6.062      8.611
  -1   -2     29.642    -12.671      5.194
  -1   -2      1.515     21.488     11.115
  -1   -2    -47.496      7.719     -8.091
  -1   -2     27.697     41.451      9.805
  -1   -2      7.596     21.417      8.656
  -1   -2     22.668     25.750      7.080
  -1   -2     38.474     50.530     13.962
  -1   -2     27.736    -31.151     14.194
  -1   -2     24.050    -18.623      9.610
  66   -2    -48.320     40.574     13.626
  -1   -2     22.146    -12.068      9.759
  -1   -2      8.979    -23.159      0.006
  -1   -2    -10.593      9.936      6.717
  90   -2     12.659     12.937     11.485
  39   -2     18.615    -31.221     11.312
  -1   -2      7.496     33.109     11.964
  -1   -2    -26.824     43.992     -0.169
  -1   -2     21.975    -29.504     12.978
  -1   -2    -14.843     47.606     11.031
  -1   -2    -18.579     44.305     11.396
  74   -2     14.499    -30.696    -19.179
  99   -2     -1.582    -30.754    -12.364
  -1   -2     39.150    -31.955      8.197
  -1   -2    -44.896    -30.866      3.538
  -1   -2      4.759     -0.758     11.206
  -1   -2     22.054     16.381     11.500
  -1   -2     12.937     22.885      5.984
  -1   -2    -20.360    -16.949      8.449
 121   -2     22.431    -30.925      2.072
  -1   -2     18.797      9.200      8.289
  83   -2    -60.365     30.356      5.202
  -1   -2    -49.549     30.379     -5.401
  84   -2      6.769    -29.502    -10.222
  72   -2     11.241     20.923     10.531
  -1   -2     38.211      5.676      7.825
  -1   -2     14.518     -9.866      9.487
  36   -2     39.206     10.620     13.289
  -1   -2      8.523    -31.557     13.909
  -1   -2      7.392     35.466      8.887
1185   -2    -29.959     31.653     12.628
 189   -2     26.456    -11.331      8.423
  -1   -2     40.765     11.565    -14.158
  58   -2    -29.180    -12.632     11.386
  -1   -2     25.588      1.488     17.229
  -1   -2     24.032     -5.912     10.839
  -1   -2    -17.494    -29.925     13.994
  -1   -2     21.557      9.958     13.238
  -1   -2     -7.073      1.958     17.025
  -1   -2    -25.040     39.893      9.509
  -1   -2      1.429    -28.935      9.994
  -1   -2    -38.508    -15.120     11.284
  -1   -2    -53.348     14.865    -21.617
  -1   -2    -49.012      0.844     10.638
  91   -2    -12.895    -11.955      9.131
  -1   -2     38.841     -8.281      5.147
  -1   -2    -15.240     39.133     -1.851
  -1   -2     -5.544    -14.745      8.666
  -1   -2     -7.919     12.984     12.161
  -1   -2     -4.707    -26.516     -2.946
  -1   -2    -39.893     33.940      2.067
  -1   -2    -36.541     -0.515      9.111
  -1   -2    -30.162     29.033     11.506
  -1   -2     -7.756     -9.661      4.672
  -1   -2      1.324     32.883     -4.864
  -1   -2     -9.115      3.210      4.499
  -1   -2    -21.604      4.350      7.076
  -1   -2     12.508     42.414     10.258
  -1   -2     -6.255     22.385      6.801
 101   -2     18.369    -32.135      9.330
  -1   -2     13.361     19.299      7.088
 128   -2      9.733    -30.317    -22.753
  -1   -2     23.515     15.917      8.667
  -1   -2     36.702     26.447      8.208
  -1   -2     17.466     39.046     -9.860
  -1   -2     15.618      0.385     10.936
  -1   -2    -49.793      7.702      9.497
  -1   -2    -10.943    -31.033     -2.668
  -1   -2     -7.973    -17.069     10.507
  -1   -2     -9.389     15.378      7.996
  -1   -2     11.418    -26.900     10.229
 188   -2    -60.457     34.018     13.153
1214   -2    -16.391     20.732      9.066
1187   -2     19.673    -16.760      7.682
  -1   -2      3.258     42.322      4.714
  -1   -2     37.674     49.373      4.657
  -1   -2     40.501     26.230      9.912
  -1   -2     -4.747     12.529      8.629
  -1   -2    -36.557     -8.885      9.337
1231   -2      5.191     -5.059     10.829
  -1   -2      8.942     -4.091     11.068
1204   -2     11.596     -8.254      8.591
1218   -2    -15.538     16.601      9.089
  -1   -2    -12.908      5.704      8.823
  -1   -2      5.921     21.146      7.757
  -1   -2    -12.703      3.216      8.396
  -1   -2     28.773     38.438     10.797
  -1   -2    -30.468     -6.793      9.487
  -1   -2     10.867     38.382     13.632
  -1   -2    -26.407    -25.417     11.155
  -1   -2     13.705     -7.928     12.959
  -1   -2     11.467     37.601      6.049
  -1   -2     40.159     20.420    -11.538
  -1   -2     40.580      1.099    -14.407
 599   -2    -49.790    -21.337     11.458
  -1   -2      9.682     30.431      7.184
  -1   -2     -9.950     22.418      9.052
  -1   -2    -28.610     -8.938      2.691
  -1   -2    -16.719     22.835      6.886
  -1   -2     -7.862    -26.641      0.571
  -1   -2     11.203      9.310      6.425
  -1   -2     -6.689     -7.207      9.660
  -1   -2    -22.612    -26.550     13.320
  -1   -2    -59.657    -12.407     11.346
  -1   -2     14.587      5.485     10.774
  -1   -2    -29.275     33.628      0.849
  -1   -2     12.063      1.325      5.785
  -1   -2    -48.717      1.699     17.093
  -1   -2    -12.477     19.896      7.370
  -1   -2     22.912    -29.361     12.380
  -1   -2     38.795     51.749      5.930
  -1   -2     30.021    -30.085      6.675
  -1   -2    -21.302    -22.473     11.890
  -1   -2    -52.438     15.214    -15.771
  -1   -2     21.797      8.174      6.669
  -1   -2      7.789    -29.848     -7.681
  -1   -2    -37.619     22.564     10.780
  -1   -2     -4.415     -6.225     11.334
 186   -2    -49.310     17.448      4.203
  -1   -2    -27.843    -19.779     10.699
  -1   -2    -30.814      0.975      1.147
  -1   -2     23.414    -31.405     -2.866
  -1   -2     -8.288    -30.191    -11.597
  -1   -2    -51.892    -20.916      5.521
  -1   -2     30.401     31.862      5.380
  -1   -2    -48.959      5.765      4.491
  -1   -2     -9.738      1.869     11.788
  -1   -2      8.370      3.409      7.658
  -1   -2    -11.479      7.987      9.377
  -1   -2    -16.612    -15.242     10.192
  -1   -2    -36.354     14.094      8.286
  -1   -2     38.728     23.113     -1.236
  -1   -2     16.145     11.527      8.317
  -1   -2    -53.178    -11.459    -15.637
  -1   -2    -11.030     10.255     10.701
  -1   -2      2.990     26.241     11.140
  -1   -2    -51.974     30.850    -17.885
  -1   -2     -7.458     42.340      4.360
  -1   -2     11.825    -28.890    -22.679
  -1   -2     24.591    -13.900     11.222
  -1   -2     -6.335    -16.710     11.038
  -1   -2     -6.368     11.420      8.423
  -1   -2     19.342     41.001     24.804
  -1   -2    -16.016     31.138      5.228
  -1   -2     10.527     43.412     13.428
  -1   -2     14.644    -32.236     11.346
  -1   -2    -14.856      2.706      1.831
  -1   -2     -2.969     15.002      6.023
  -1   -2     -0.605     45.327     14.452
 817   -2      5.679    -17.022     10.071
 193   -2      3.649    -22.002      9.458
  -1   -2    -12.546     31.582      7.216
 118   -2    -24.773      8.896     12.898
  -1   -2     16.145     22.123      9.172
  -1   -2     -8.057    -20.759     23.599
  -1   -2     23.262     21.011      5.882
  -1   -2    -31.073    -16.900     13.652
  -1   -2     38.740     13.647      9.405
  -1   -2    -61.877      3.512     11.668
 162   -2     36.457     34.818    -11.763
 260   -2     49.234     29.175      2.447
  -1   -2    -62.337     -8.243     11.540
  -1   -2    -19.390     -8.976     14.457
  -1   -2    -39.242    -27.495     -2.636
  -1   -2     22.946     -8.317      6.460
  -1   -2     39.337     42.244      8.369
  -1   -2     40.963     32.214      9.517
 279   -2    -25.240     17.042      7.490
  -1   -2    -18.018     18.088     11.808
  -1   -2    -61.748    -15.659     14.467
  -1   -2    -26.929     30.323     11.948
  -1   -2    -61.835     24.580      8.933
  -1   -2     24.925     -9.175     15.556
  -1   -2    -18.662     -6.028      8.604
  -1   -2     37.196     28.002     -6.722
  -1   -2    -58.313     35.291     16.103
  -1   -2      4.693    -30.377    -17.103
  -1   -2    -20.700      4.111     13.232
  -1   -2    -19.881     -2.154      9.343
  -1   -2     48.671     22.505     -2.815
  -1   -2    -25.245      4.044     11.803
  -1   -2     14.543     -2.657      2.958
  -1   -2     14.853      2.796     11.420
  -1   -2      3.953     11.547     11.475
  -1   -2     38.404     21.572      7.037
  -1   -2     -1.655      0.581      9.528
  -1   -2     10.318     -3.802     11.190
  -1   -2    -48.182    -22.172     -5.123
  -1   -2    -42.801    -29.202      7.280
  -1   -2     10.318      7.745      7.118
  -1   -2    -11.029     25.092      5.433
  -1   -2     -8.138     26.404      9.037
  -1   -2    -48.992      2.112     -1.473
  -1   -2     36.138    -32.789    -13.081
  -1   -2     38.383     37.225      9.856
  -1   -2     27.274     21.220      8.474
  -1   -2    -33.037     44.773     -1.985
  -1   -2     22.026      0.108     12.803
  -1   -2      2.599     -6.331      4.051
  -1   -2     43.096     26.838      3.832
  -1   -2      4.326     16.941      9.569
  -1   -2    -56.335     37.012    -15.359
  -1   -2    -10.959     26.560     10.034
  -1   -2    -15.788     -1.635      7.024
  -1   -2      9.812    -29.754    -13.109
  -1   -2     19.862    -31.200     11.520
  -1   -2    -62.153     43.286     15.488
  -1   -2    -41.536     -8.556     14.496
  -1   -2    -49.826    -30.297    -18.697
  -1   -2     10.307      5.241     11.269
  -1   -2     38.111      1.953      8.382
  -1   -2    -23.323    -22.859     10.935
  -1   -2     44.525      8.807     15.413
 710   -2      8.828    -16.226     24.980
  -1   -2     40.026     -5.870     15.727
  -1   -2     -4.814    -18.928      8.461
  -1   -2     19.178     35.159     15.712
  -1   -2     -6.867    -15.576      9.387
1237   -2    -11.567    -10.306      9.385
1261   -2     20.263     -3.392      8.060
  -1   -2      0.031      0.661      6.883
  -1   -2     -0.737    -20.889      5.209
  -1   -2    -45.524    -26.366     13.226
  -1   -2    -35.737    -25.685    -14.584
  -1   -2    -49.466      9.449     -0.021
1207   -2     14.718     -8.487      6.941
  -1   -2      3.831     34.408     20.178
  -1   -2    -13.427     26.157     15.388
  -1   -2      7.546     16.557     11.623
 858   -2    -49.617     -0.754      3.338
  -1   -2    -18.608     13.254     11.095
  -1   -2     15.357     28.500     13.845
  -1   -2    -32.162      0.717     13.072
  -1   -2     36.707    -23.459    -12.871
  -1   -2    -24.613     17.678     10.776
  -1   -2     41.405     39.087     -4.392
  -1   -2      5.262    -29.217    -12.261
  -1   -2    -21.973     39.355     -8.601
  -1   -2    -46.835     28.212     12.935
 299   -2    -53.463      7.884     13.571
  -1   -2    -11.371    -26.119     -2.362
  -1   -2     24.615     38.441      3.292
  -1   -2    -55.345    -29.255      3.752
  -1   -2    -11.548     14.330      2.894
  -1   -2    -32.472     53.037     11.467
 317   -2      7.632     12.013     -6.103
  -1   -2     36.480     -8.830     -3.297
  -1   -2     12.849    -23.484     10.058
  -1   -2     39.079     -3.912     20.154
  -1   -2      4.493    -23.167     12.682
  -1   -2    -35.670    -10.285    -22.424
 217   -2    -62.732     33.188     12.172
  -1   -2     28.009    -33.143     13.478
  -1   -2    -39.949    -22.316     15.432
 182   -2    -56.586     17.178      2.189
  -1   -2     16.576     25.689      9.778
  -1   -2    -14.778      5.224      7.579
  -1   -2    -26.561    -10.513    -20.565
  -1   -2     10.703     51.283     19.724
  -1   -2    -16.212     24.254    -17.404
  -1   -2      1.639    -33.172      9.620
  -1   -2      2.855     -9.315     11.512
  -1   -2     16.386     -7.550     10.865
  -1   -2    -20.290     37.953    -18.573
  -1   -2     36.264    -26.048     -1.686
  -1   -2     15.133    -24.525      7.340
  -1   -2    -23.537     10.929     22.160
  -1   -2     37.263     -3.898     -1.863
 364   -2    -62.403     39.745     12.597
  -1   -2    -55.390     51.119     -4.551
  -1   -2     15.442    -21.893      4.345
  -1   -2     38.358     10.759      7.693
  -1   -2      1.415     -3.975     11.760
  -1   -2     34.049     32.933      3.851
  -1   -2      8.339    -29.470     -1.833
  -1   -2     25.614     -3.117    -20.768
  -1   -2    -48.464     -6.049     -1.983
  -1   -2    -23.517     16.968      9.267
  -1   -2    -41.503     47.682     -4.218
  -1   -2     28.628     22.787      0.525
  -1   -2    -53.516    -22.722    -21.278
  -1   -2      3.131     20.539    -25.484
  -1   -2    -49.298     15.292      4.572
  -1   -2      4.160     37.476     -9.600
  -1   -2     10.358    -29.891      2.054
  -1   -2      5.066    -27.008     11.450
  -1   -2    -51.420     12.926    -13.959
  -1   -2     11.151      2.017     12.045
  -1   -2     39.935     19.229      7.418
  -1   -2     16.135     41.019      3.112
  -1   -2     24.454    -30.944      4.714
  -1   -2    -12.138     -5.897     13.017
  -1   -2     41.800     46.591     18.774
  -1   -2     48.926     12.445     -2.192
 232   -2     38.480      7.531     16.100
  -1   -2    -56.109     -0.677    -15.954
  -1   -2     47.115     31.459      7.588
  -1   -2    -26.105     45.908     -3.419
  -1   -2    -50.124    -11.513      4.342
 276   -2     49.927      4.155      4.925
  -1   -2    -34.538     34.057     -9.098
  -1   -2    -49.795     -7.627      5.232
  -1   -2     38.901     34.805      9.742
1181   -2     -5.074     -8.492      4.970
  -1   -2    -41.432     31.572     19.887
 312   -2    -45.168     50.225     11.887
  -1   -2    -15.954    -15.239     -4.556
  -1   -2    -49.201      6.011     19.392
  -1   -2    -37.004     -2.200     -6.461
  -1   -2      9.766     -0.172     10.488
  -1   -2    -61.132    -11.781     18.019
  -1   -2    -57.702     23.557     20.505
  -1   -2    -17.882    -26.005      7.225
  -1   -2    -29.696     -6.223     10.181
  -1   -2    -14.374     -2.113     22.113
  -1   -2    -53.218     -9.190      6.575
  -1   -2     13.342     23.144    -19.457
  -1   -2    -19.663     -8.604    -19.510
  -1   -2     15.176    -31.341      5.829
  -1   -2    -23.284     -4.729      4.040
  -1   -2    -27.598    -14.259     18.383
  -1   -2    -54.488      2.708     17.803
  -1   -2      1.102     42.132     -0.602
  -1   -2    -22.058     33.144      5.428
  -1   -2    -40.155     44.513      6.141
  -1   -2    -45.051      1.113     20.964
  -1   -2    -16.098     11.363    -15.402
  -1   -2    -45.566      7.982     -9.637
  -1   -2      4.309    -25.943    -11.209
  -1   -2     14.045     27.040      2.460
  -1   -2     -2.759    -22.147     14.416
  -1   -2    -24.181    -13.937     15.612
  -1   -2     13.602     27.969      0.424
  -1   -2    -19.158     -9.813      8.345
  -1   -2      1.423     23.466     18.342
  -1   -2    -11.814     36.751     14.007
  -1   -2    -36.805     27.358     11.074
  -1   -2    -24.638     -0.001      4.975
  -1   -2     27.370    -15.439    -20.357
  -1   -2    -45.133    -29.324    -15.574
  -1   -2      7.395     -3.206    -16.988
  -1   -2    -33.834     28.658    -12.211
  -1   -2    -49.628      4.935      1.787
  -1   -2    -34.467     -3.457    -15.430
  -1   -2     -1.565     -5.137     10.726
  -1   -2     18.070    -29.389     -1.529
  -1   -2    -33.046     16.861    -24.975
  -1   -2     -4.317    -30.541    -12.743
  -1   -2    -31.926     35.209    -17.124
  -1   -2    -21.996     10.515     -2.500
 433   -2     -6.553     21.731     18.697
  -1   -2    -59.865     37.909     18.037
  -1   -2    -60.560     47.328     -2.869
  -1   -2    -60.622      5.653      5.981
  -1   -2    -11.712     -1.231      5.426
  -1   -2    -37.334    -27.307     13.023
 380   -2    -57.099    -28.134      4.085
  -1   -2    -27.414     -4.778      4.627
  -1   -2     38.774      3.190      7.960
  -1   -2     29.275    -29.559     18.396
  -1   -2    -35.120     16.323    -19.387
  -1   -2     43.901     11.151      2.016
  -1   -2    -48.518     -3.139      1.565
  -1   -2     16.965     15.571    -19.456
  -1   -2    -25.818    -15.162    -12.542
  -1   -2    -22.049     -2.939    -19.180
  -1   -2     24.051    -21.576     13.613
  -1   -2    -12.428     32.971    -15.849
  -1   -2     38.957     -0.798      9.808
  -1   -2    -54.851     18.404     13.400
  -1   -2      6.841     38.084      0.423
  -1   -2     20.146     27.167      9.950
  -1   -2    -13.087     -9.692      0.260
  -1   -2    -25.727     35.073    -23.655
  -1   -2    -11.308     26.010     22.059
  -1   -2    -56.630    -14.279    -13.652
  -1   -2    -58.546     -7.902    -13.258
  -1   -2    -31.756     -5.459      9.655
  -1   -2     13.753      0.524    -17.511
  -1   -2    -57.998     34.815    -10.128
  -1   -2     25.491     15.752    -16.199
  -1   -2    -14.989     -4.554      7.064
  -1   -2    -16.341     14.644     -8.594
  -1   -2     -9.032     -9.306      7.693
  -1   -2      8.447    -10.677    -23.436
  -1   -2    -55.196     16.276      3.948
  -1   -2      6.429     -5.019      8.987
 481   -2     27.843     -7.005     -9.877
  -1   -2     -0.437     16.304      9.434
  -1   -2     37.432     38.593     -0.856
  -1   -2     35.212     20.160      5.982
  -1   -2     33.487     39.561     -8.737
  -1   -2     26.907     18.976     -7.595
  -1   -2     -6.340     39.276     -9.103
  -1   -2     27.299     14.036    -17.280
  -1   -2     37.967     12.145      6.693
  -1   -2    -23.667      9.705     16.515
  -1   -2    -13.254     44.211      0.617
  -1   -2    -50.529    -22.243      0.986
  -1   -2     18.817     23.586      4.957
  -1   -2    -44.977     27.201     10.821
  -1   -2     50.737     19.388      2.526
  -1   -2     -8.317     26.811      7.626
  -1   -2     -9.476     13.291     18.043
  -1   -2      9.665     21.714      9.428
  -1   -2     19.226     51.004      4.349
  -1   -2     -0.779    -25.793     -5.569
  -1   -2     20.521     -9.657     15.390
  -1   -2    -19.448     -4.773      2.196
  -1   -2    -23.986      4.597      9.031
  -1   -2    -18.605     37.050      0.468
  -1   -2     25.779    -26.735     14.081
  -1   -2    -41.197     52.092    -15.728
  -1   -2    -18.664    -10.124     -6.317
  -1   -2     18.771     -1.753     -1.415
  -1   -2    -37.680    -19.689     -4.663
  -1   -2     39.162     16.705     18.250
  -1   -2    -15.914    -26.148     -7.992
  -1   -2     25.160     19.847     11.673
  -1   -2     22.396      6.660      8.079
  -1   -2      0.491     18.071     -7.246
  -1   -2      0.437     -4.571     12.275
  -1   -2    -26.146    -12.832     -2.121
  -1   -2     -9.237     -3.837     16.844
  -1   -2     -2.776     29.546      1.913
  -1   -2    -18.509    -14.324     -5.402
  -1   -2    -59.659      3.380     -5.655
  -1   -2     29.520    -33.268     -6.121
  -1   -2     22.758    -14.085     14.293
  -1   -2    -22.960     -9.619     19.716
  -1   -2      6.356    -15.730      4.748
  -1   -2    -27.683     -7.877     14.866
  -1   -2     -2.086    -22.810    -13.531
  -1   -2      0.517      6.096      8.258
  -1   -2      6.724     23.033      2.521
  -1   -2     34.839     49.616    -13.791
  -1   -2     38.837    -13.022     -8.255
  -1   -2     19.987    -29.860      7.146
  -1   -2      4.377     -8.136     -1.565
  -1   -2    -60.791     46.455      3.140
  -1   -2    -13.381      8.738    -21.213
  -1   -2    -47.993     16.766     15.487
  -1   -2    -55.952      0.101     -4.668
  -1   -2     26.761     -4.544    -10.750
  -1   -2    -29.005    -16.101      4.345
  -1   -2    -35.553     21.632     16.429
  -1   -2    -23.382    -16.492     12.713
  -1   -2     24.334    -22.986     17.586
  -1   -2     -9.912     22.343     -0.617
  -1   -2     -1.215     32.978      1.041
  -1   -2    -50.849    -25.541     -8.109
  -1   -2    -60.951    -13.442     13.609
  -1   -2     19.528     22.568     -7.898
  -1   -2    -30.272    -15.154      9.503
  -1   -2     -5.313     11.884     10.477
  -1   -2    -54.582    -30.289     11.074
  -1   -2     -2.748    -11.174     -0.820
  -1   -2      4.954    -20.335      4.317
  -1   -2     -7.736    -30.952    -18.504
  -1   -2     13.338     32.869     -1.945
  -1   -2    -18.875     -7.674      4.228
  -1   -2     39.460     35.742     11.622
  -1   -2     19.641     30.076     -8.084
  -1   -2      0.009    -18.667     14.905
  -1   -2     18.044      0.757     -1.744
  -1   -2     25.215    -31.689     10.195
  -1   -2     14.530      6.224     -5.787
  -1   -2    -22.206     -0.987    -23.670
  -1   -2     -7.094    -25.218     22.000
  -1   -2    -60.082    -10.344      5.714
  -1   -2      2.767     16.404      6.549
  -1   -2     18.502     29.469     20.564
  -1   -2      4.257     10.507     15.316
  -1   -2     51.021      8.625      3.781
  -1   -2      9.896     16.481      4.669
  -1   -2    -38.711      4.169      1.957
  -1   -2     16.511     -4.082     19.804
  -1   -2    -13.315     37.460    -16.859
  -1   -2     38.983     -2.932     10.831
  -1   -2     18.355     -2.823     14.757
  -1   -2     49.133    -25.738      3.764
  -1   -2      6.717    -26.175     13.086
  -1   -2      6.218     44.219     -3.172
  -1   -2    -56.282     32.544     -3.389
  -1   -2     22.358      9.246      8.925
  -1   -2    -18.225     19.414     -4.591
  -1   -2    -58.122     -2.937    -19.474
  -1   -2      4.435    -11.739     -6.564
  -1   -2     39.180      5.662     16.611
  -1   -2     -3.177     -1.054    -11.596
  -1   -2     33.984    -24.421     17.747
  -1   -2     10.554     48.349      5.320
  -1   -2     16.235     -2.442    -16.783
  -1   -2    -18.955     36.017     18.647
  -1   -2     15.010     41.283      7.184
  -1   -2    -46.311    -12.688     12.848
  -1   -2    -31.036    -26.986     -3.593
  -1   -2    -19.690    -13.267     -7.187
  -1   -2    -26.777    -10.284      1.253
  -1   -2    -36.282    -23.967     11.795
  -1   -2      2.373     35.461     28.374
  -1   -2      3.825      7.662      7.398
  -1   -2    -35.504     15.377     10.060
  -1   -2     10.015     10.151     16.963
  -1   -2    -47.761    -30.022    -16.217
  -1   -2     37.663     14.820     11.728
  -1   -2    -13.177    -23.486    -23.154
  -1   -2    -29.066      9.909      3.353
  -1   -2     10.513      6.319     -4.981
  -1   -2     10.363     -3.356      7.670
  -1   -2    -55.387    -28.204      4.944
  -1   -2    -21.003     12.739      3.960
  -1   -2     15.615     47.169      2.595
  -1   -2     21.677     47.268     17.113
  -1   -2     12.335      5.074     -0.364
  -1   -2      3.825     21.097    -10.160
  -1   -2      9.530    -14.430     -5.161
  -1   -2     38.046     50.852     20.650
  -1   -2     28.005     22.347     -6.733
  -1   -2    -27.266      2.866     -8.143
  -1   -2    -59.309     38.148     10.945
  -1   -2    -50.978     46.438    -13.508
  -1   -2     -6.350     17.011     11.138
  -1   -2    -27.463    -23.165      1.809
  -1   -2     50.743     -9.080      2.559
  -1   -2     16.402      8.243    -12.735
  -1   -2    -24.808     23.363     10.586
  -1   -2     35.711     -7.490    -13.677
  -1   -2    -28.675     -5.763     -8.515
  -1   -2     22.080    -28.319     -5.465
  -1   -2     -9.491     14.053    -17.279
  -1   -2    -29.736     -9.186    -18.834
  -1   -2     39.276     54.912      7.000
  -1   -2     38.896    -13.450      5.995
  -1   -2    -52.983     24.753    -21.121
  -1   -2     16.765     28.509    -24.681
  -1   -2     17.672     41.722     -9.725
 620   -2    -64.041     25.767      9.815
  -1   -2      1.894    -31.027    -13.439
  -1   -2    -51.731     42.817    -12.783
  -1   -2     24.309     50.799      5.897
  -1   -2    -14.919    -29.999     11.378
  -1   -2    -44.945     18.022     10.312
  -1   -2    -51.839     19.274    -15.565
  -1   -2     50.111     44.387      2.553
  -1   -2    -46.327     39.038     22.176
  -1   -2     33.830     -4.289      1.815
  -1   -2    -47.353    -28.222     12.349
  -1   -2    -34.522     37.610     -8.694
 619   -2     55.954     38.209      9.402
  -1   -2     50.745     49.235     -1.905
  -1   -2    -51.080     20.631    -15.809
  -1   -2     48.778     41.605     -5.889
  -1   -2     20.215    -31.799      3.001
  -1   -2    -14.140      3.979     13.162
  -1   -2    -17.246     17.243     -4.257
  -1   -2    -38.405     37.195      4.688
  -1   -2    -18.387     27.735      8.833
  -1   -2    -49.547     24.355      1.695
  -1   -2     49.269     35.731      3.039
  -1   -2    -39.451    -13.929     22.066
  -1   -2    -47.937     24.957      6.745
  -1   -2     32.809     54.739     22.541
  -1   -2     29.120     12.420    -13.619
  -1   -2     38.515     47.660      4.631
  -1   -2     50.213      6.565      7.571
  -1   -2     28.323     47.538     -3.075
  -1   -2     -2.864     27.156      3.049
  -1   -2     -0.436     34.293     10.060
  -1   -2     39.253     17.394      5.824
  -1   -2    -14.094     49.140     13.078
  -1   -2    -44.346     54.047     -3.365
  -1   -2    -62.419      7.691      3.657
  -1   -2    -49.488     21.999      1.263
 649   -2     22.617    -32.257      2.665
  -1   -2    -59.203     -5.471      9.102
  -1   -2     30.663     34.819     11.339
  -1   -2     34.777      2.039     10.877
  -1   -2    -61.150     30.455     12.510
 663   -2     53.082     37.681      9.469
  -1   -2     27.932     23.779    -18.551
  -1   -2    -60.970     18.943    -14.668
  -1   -2    -30.875     24.122     16.133
  -1   -2     34.588     22.553      5.187
 804   -2    -50.133     40.279      0.470
  -1   -2    -52.071     25.555    -18.683
  -1   -2     36.605     18.407      9.156
  -1   -2      2.139    -23.670     -1.235
  -1   -2     37.833     29.281    -13.587
  -1   -2    -63.032     34.926      4.379
  -1   -2    -27.596     49.751     -6.665
  -1   -2    -40.999     34.952     11.886
  -1   -2      7.449     34.251      5.921
  -1   -2     14.720     37.453     17.848
  -1   -2     44.085     24.096     -8.570
  -1   -2     40.695     -8.161    -11.388
  -1   -2    -51.185     27.763     -0.282
  -1   -2    -33.179     29.993      8.692
  -1   -2     25.582    -32.933      6.027
  -1   -2      9.878    -21.769     -6.491
 637   -2    -52.314     20.549    -18.677
  -1   -2    -19.324     23.069      9.457
  -1   -2     52.425      4.528      9.550
  -1   -2     51.853     30.218      0.335
  -1   -2    -49.936    -15.544     -4.904
  -1   -2     28.651     10.687      6.639
  -1   -2    -49.751     19.265    -10.372
  -1   -2    -37.112     12.575      1.286
  -1   -2    -27.257      6.998     -1.841
  -1   -2     21.954     -5.121     14.402
  -1   -2     31.607    -14.144      1.489
  -1   -2    -62.620     19.048     10.359
  -1   -2     35.873     54.238     -1.425
  -1   -2    -56.590      9.511     21.656
 733   -2      9.282    -32.259      3.369
  -1   -2     27.501    -13.742     -2.599
 109   -2     26.266      1.626     18.076
  -1   -2     20.240    -32.298      3.760
  -1   -2    -39.321     37.600     12.997
  -1   -2    -58.870     13.226     11.838
  -1   -2    -48.952    -33.051     18.883
  -1   -2    -53.150    -18.260    -18.707
  -1   -2    -37.532     32.626     -4.112
  -1   -2     42.958    -31.912     -0.232
 655   -2     36.783    -34.602     20.121
  -1   -2    -48.210    -31.758      3.980
  -1   -2    -36.085     -9.187      5.804
  -1   -2     48.302     42.636      6.941
  -1   -2    -19.932     29.188      8.679
  -1   -2     19.549    -32.114      7.185
  -1   -2    -38.467     39.946      1.495
  -1   -2     38.546      6.019      0.291
  -1   -2    -60.725     -5.220    -15.369
  -1   -2    -51.610     26.957    -16.813
  -1   -2     -4.064    -31.933     -5.310
  -1   -2    -26.031     20.307     -9.359
 707   -2    -50.184     40.812      0.267
 775   -2     56.228     10.763     12.244
  -1   -2     20.059     15.088     10.127
  -1   -2     22.404    -31.159      8.438
  -1   -2    -29.291      5.627     -0.516
  -1   -2      4.419     -0.667      7.694
  -1   -2     10.396    -19.071     14.025
  -1   -2    -28.684     13.460     11.386
  -1   -2    -51.872     17.932    -17.658
  -1   -2     -2.366     12.729      7.688
  -1   -2     19.271    -25.022     11.817
  -1   -2      6.611      4.974      7.937
  -1   -2     54.405     20.118      8.434
  -1   -2     15.254     53.541     17.237
  -1   -2     36.675    -21.119     -2.484
  -1   -2     34.926     51.179    -17.190
  -1   -2     50.698      2.187     12.941
  -1   -2     14.703     10.343      9.040
  -1   -2    -51.029    -18.122     -9.826
  -1   -2    -49.360     20.987     -1.940
  -1   -2    -35.303     47.209     -6.900
  -1   -2     55.531     -5.938      6.272
  -1   -2     30.392     -1.737      7.492
  -1   -2    -50.292     22.912      0.277
  -1   -2    -17.471      2.753      3.993
  -1   -2    -20.830     39.080     14.683
  -1   -2    -59.031    -22.558     -8.827
  -1   -2     23.717      2.377    -21.599
  -1   -2    -14.106     23.456     12.599
  -1   -2     19.754     33.537     11.533
 760   -2    -49.447     23.426     20.550
  -1   -2     30.344    -27.787      7.634
  -1   -2    -14.625    -28.327     24.822
  -1   -2     28.599      8.225      1.793
  -1   -2     31.934    -32.578     -9.190
  -1   -2    -25.215     22.804     10.850
 717   -2     54.984     13.406      9.535
  -1   -2     41.975    -23.121    -12.831
  -1   -2    -19.171      9.968     19.649
  -1   -2    -50.832      1.870    -23.079
  -1   -2    -16.725     16.882      5.146
 541   -2    -61.956    -26.710      7.414
  -1   -2     -7.322    -17.400     12.316
  -1   -2    -49.484      9.742    -10.746
  -1   -2     38.528    -18.327     15.993
  -1   -2    -49.756     16.998     -1.846
  -1   -2     38.583     53.559     -0.721
  -1   -2     12.379    -30.830     -5.434
 124   -2    -17.076    -16.489     11.003
  -1   -2      7.359    -30.748    -21.688
  -1   -2    -26.024    -28.354     -2.590
 742   -2    -59.570     12.843    -11.266
  -1   -2    -37.126     33.491      8.218
  -1   -2    -13.992    -10.058    -16.493
  -1   -2     -2.459    -25.583      3.633
  -1   -2    -58.224    -28.682    -14.425
  -1   -2    -50.146     39.105     -0.929
  -1   -2    -44.125    -32.838     -2.966
  -1   -2     15.273     -0.862     25.061
  -1   -2    -35.406     -4.447     11.109
  -1   -2    -51.554     27.969    -11.120
  -1   -2     29.058     -7.209      9.414
  -1   -2    -10.131    -29.278     14.724
  -1   -2    -51.791    -13.586     -8.920
  -1   -2    -29.766     50.894     -2.108
  -1   -2    -30.493    -20.646     12.800
  -1   -2    -32.211     -0.867      4.870
  -1   -2    -21.199     30.552     16.018
  -1   -2     33.397     -3.091     23.072
  -1   -2     40.642     -2.891    -17.498
  -1   -2    -42.744    -28.926      1.863
  -1   -2    -48.259     17.987      8.171
  -1   -2    -40.949     23.341      9.137
  -1   -2     27.513      8.222    -16.163
  -1   -2    -13.077      4.810      3.941
  -1   -2    -18.723    -11.511     -8.547
  -1   -2    -31.293     42.671      3.985
  -1   -2     25.444    -17.625     14.316
  -1   -2    -62.068      8.100     -3.782
  -1   -2    -23.371    -11.483     10.374
  -1   -2    -36.150     36.522      4.393
 768   -2     40.393      1.600    -18.611
  -1   -2    -57.865     29.364      7.364
  -1   -2     18.565     15.254     12.557
  -1   -2    -48.337     -0.065    -18.388
  -1   -2     12.992      4.450      7.621
  -1   -2     15.174    -15.339     -0.885
  -1   -2    -39.945    -17.240      1.850
 638   -2    -52.902     20.806    -24.780
  -1   -2    -13.737     -3.274     21.181
  -1   -2     18.747    -29.828    -16.297
  -1   -2    -26.614     12.099      6.257
  -1   -2    -50.102     52.588      0.823
  -1   -2    -50.616    -22.028     22.541
  -1   -2    -32.276      3.473     19.978
  -1   -2     29.848     13.802    -19.282
  -1   -2    -49.222      8.009    -12.719
  -1   -2    -16.249    -23.588     -6.563
  -1   -2    -20.925     34.310     12.311
  -1   -2    -50.021     30.055     -1.285
  -1   -2     36.235     46.097      4.585
  -1   -2    -41.236    -33.333      8.153
  -1   -2    -35.160     -0.216     15.286
 751   -2     22.318    -33.693     -7.676
  -1   -2    -46.319     44.123     -7.077
  -1   -2     54.129     47.803      3.211
  -1   -2    -50.323     26.533     -6.046
  -1   -2     49.991     13.043      5.733
  -1   -2    -45.459    -15.009     14.002
  -1   -2    -19.293      7.821      0.833
  -1   -2    -37.022     37.231     -5.012
  -1   -2    -62.350    -26.152     20.962
  -1   -2     23.810     25.002     24.493
  -1   -2    -27.008      1.320      0.595
  -1   -2     28.532      4.881     -6.012
  -1   -2     27.472     -8.752     -7.148
  -1   -2    -43.639    -24.460     -2.558
  -1   -2    -31.477    -12.531      9.051
  -1   -2     -9.421    -19.201     -9.828
  -1   -2     -6.891    -30.863      4.825
  -1   -2     22.145      0.846      6.281
  -1   -2     39.149     15.952      4.288
  -1   -2    -52.600     18.134    -18.576
  -1   -2     17.396    -28.313     26.140
  -1   -2    -50.124     32.977     -1.513
  -1   -2     34.377     -1.456      9.633
  -1   -2    -48.172     12.110     -0.100
  -1   -2     19.250     12.628    -14.592
  -1   -2     44.728    -13.523    -13.412
  -1   -2     15.357    -31.524     -8.674
  -1   -2    -30.250    -17.660     22.621
  -1   -2    -36.846      7.236    -23.610
  -1   -2    -40.734    -31.433     21.885
  -1   -2    -42.989      2.491     20.664
  -1   -2     55.238     -7.935      6.537
  -1   -2    -21.859     47.024     15.064
  -1   -2    -34.230     39.787     -7.222
  -1   -2      1.842     11.015     18.745
  -1   -2     29.099    -22.698    -22.155
  -1   -2     -1.965     -6.530    -14.982
  -1   -2     34.621     16.720      6.022
  -1   -2    -36.426     38.156     -0.627
  -1   -2    -18.676    -28.020     24.741
 799   -2     24.016      1.958      7.442
  -1   -2    -22.601     45.396    -12.864
  -1   -2    -60.928     -5.618      5.976
  -1   -2     -4.934     28.810      9.267
  -1   -2     38.896     31.592     13.603
  -1   -2    -15.698     -1.219     19.276
  -1   -2     42.165      8.248     -9.240
  -1   -2     23.279    -30.511     -8.003
 311   -2    -49.417    -26.543     -2.388
  -1   -2     -2.688    -16.273      4.096
  -1   -2    -52.995     -7.523    -17.339
  -1   -2     -8.765     -6.017     11.683
  -1   -2     38.204     37.771     18.534
 847   -2    -50.002     22.063     -2.200
  -1   -2     37.536    -24.733     -5.945
  -1   -2      1.110     14.189      8.626
  -1   -2      4.001     36.767     14.536
  -1   -2     11.656     19.692     -7.583
  -1   -2    -53.800     49.280     -9.512
  -1   -2     38.299    -15.615      1.213
  -1   -2     25.685     21.850    -11.976
  -1   -2    -34.386     19.515    -18.374
  -1   -2    -49.396    -18.782     -8.285
  -1   -2     35.186     -3.535    -24.020
  -1   -2    -60.108     52.859    -10.173
  -1   -2     -8.492     -7.738      5.831
  -1   -2    -42.477     46.709      4.229
  -1   -2     56.491     27.390     18.443
  -1   -2    -54.020    -22.676     13.323
  -1   -2    -13.310      6.883    -14.081
  -1   -2    -49.436     -1.751      9.474
  -1   -2    -17.148      0.212    -13.618
  -1   -2     34.373     25.869      7.740
  -1   -2    -52.684      9.943    -24.714
  -1   -2    -58.320     21.268      6.672
  -1   -2     14.498    -14.900    -12.178
  -1   -2    -16.034      0.188      0.450
  -1   -2     56.550    -13.746      8.415
  -1   -2    -57.648      1.553     24.283
  -1   -2     57.533     16.115     16.322
  -1   -2    -48.273      8.339    -14.258
  -1   -2    -60.228     20.019     20.544
  -1   -2    -49.766     25.632     -9.447
  -1   -2     -9.551    -26.417     19.138
  -1   -2    -11.458    -31.194     14.738
  -1   -2    -25.519     25.174     -9.224
  -1   -2     39.284      2.331      2.279
  -1   -2     27.623     46.121     -6.779
  -1   -2    -47.700     29.934    -22.287
  -1   -2      4.840     40.916     -3.805
  -1   -2    -38.315    -17.784      0.384
  -1   -2    -20.555    -27.930     22.540
  -1   -2     18.146     37.278     10.074
  -1   -2    -30.383      8.981      2.520
  -1   -2     14.079     26.880    -13.958
 849   -2     42.997     15.831     -0.056
  -1   -2     16.320     37.211    -24.096
  -1   -2    -54.723     17.001     -0.489
  -1   -2     -7.601     48.179    -27.797
  -1   -2    -26.658    -27.706     11.518
  -1   -2    -36.196     30.441     -6.754
  -1   -2     29.317     16.703      6.232
  -1   -2    -18.859      2.155    -20.924
  -1   -2     54.783     17.720     -5.947
  -1   -2     35.066    -27.059     -0.084
  -1   -2     11.730     26.523     20.325
  -1   -2    -52.098     44.832    -12.101
  -1   -2     11.923     22.126     -8.635
  -1   -2     -3.439     -2.445    -19.991
  -1   -2     24.544     -9.761    -23.496
  -1   -2     -9.446     -4.229     -8.557
  -1   -2    -18.955      8.992      7.196
  -1   -2     15.497    -32.894      7.831
  -1   -2     23.399      2.758     -5.763
  -1   -2    -49.157     44.029     23.955
  -1   -2    -48.097    -31.639     17.125
  -1   -2     26.997     37.909     -0.094
  -1   -2     24.441    -31.890      6.359
  -1   -2    -38.129     35.392      1.934
  -1   -2     -3.644    -18.611      8.002
  -1   -2    -16.288    -18.550     23.951
  -1   -2    -50.189     23.967      2.583
  -1   -2    -22.893     10.984      1.484
  -1   -2     37.623     28.018     14.043
  -1   -2     -2.519     32.781      8.000
  -1   -2      0.608     43.020    -12.433
  -1   -2     45.766      0.956    -18.480
  -1   -2     23.138     31.717    -16.024
  -1   -2    -30.293      4.906    -12.346
  -1   -2    -11.327    -13.687    -18.999
  -1   -2    -11.543     47.791     10.666
  -1   -2     38.303     33.098     13.220
  -1   -2     -1.039      2.976      1.639
  -1   -2      8.493    -30.720     -9.925
  -1   -2     26.003     -7.778      5.774
  -1   -2     18.650     -0.492     18.504
  -1   -2    -36.591      1.641     -4.226
  -1   -2    -40.744     29.345     13.276
  -1   -2     -2.990     -4.113     21.326
  -1   -2    -14.271      6.242      7.388
  -1   -2     -7.431    -22.974     -8.995
  -1   -2      3.840     25.558    -22.800
  -1   -2    -49.481    -13.549     19.972
  -1   -2     -1.865      6.207     24.913
  -1   -2    -24.052     26.937     13.645
  -1   -2    -35.922     17.325      6.967
  -1   -2    -48.101      1.837    -12.314
  -1   -2     17.362    -27.310      2.717
  -1   -2     17.603    -11.399    -21.032
  -1   -2     -0.582     -4.990     17.262
  -1   -2     12.435    -21.504     -5.822
  -1   -2    -17.835     21.533     21.047
  -1   -2    -63.305    -22.153     12.000
  -1   -2     -0.665     13.137     15.255
  -1   -2    -49.898     -5.442     11.326
  -1   -2    -19.525     23.018     -8.759
  -1   -2     43.044      6.207     -2.784
  -1   -2    -58.736    -17.899     -3.030
  -1   -2      9.012    -20.509     11.945
  -1   -2    -53.544     11.405    -24.122
  -1   -2     -6.861     38.048    -21.179
  -1   -2     25.098     28.492    -12.681
  -1   -2    -33.428    -18.744      1.257
  -1   -2     19.866    -22.903     17.874
  -1   -2    -45.702     -8.608     20.731
  -1   -2     -0.657     -9.362     20.577
  -1   -2     18.478      3.999     13.237
  -1   -2    -36.600     24.361      1.830
  -1   -2    -14.251     46.314    -34.881
  -1   -2      5.682     18.816    -13.393
  -1   -2    -49.630     18.723      3.652
  -1   -2      3.671     38.249      3.762
  -1   -2      7.958     16.307      2.830
  -1   -2      6.769     22.874     22.086
  -1   -2    -11.799     -6.333     -6.943
  -1   -2     -1.657    -12.320      3.904
  -1   -2    -14.817     26.246     26.373
  -1   -2      8.853     27.809    -24.814
  -1   -2    -58.703    -26.729     12.227
  -1   -2      2.197     39.320     -4.184
  -1   -2    -48.494     32.486    -17.130
 935   -2    -59.136      2.186     -7.271
  -1   -2    -57.885      6.590     -2.912
  -1   -2     28.953     -7.028    -15.744
  -1   -2    -50.393     24.937     -2.236
  -1   -2     54.025     21.783     -2.831
  -1   -2    -62.147     32.414      2.465
  -1   -2    -31.091    -23.273     14.651
  -1   -2     21.907     11.686      5.231
  -1   -2      8.185     35.602     19.057
  -1   -2    -26.719     16.175     15.854
  -1   -2      6.947      4.931     10.955
  -1   -2    -15.673    -28.554     23.135
  -1   -2     18.027     26.665     -9.242
  -1   -2    -25.386    -11.879     24.743
  -1   -2     35.182     52.964      7.554
  -1   -2      4.772     31.208    -14.284
  -1   -2    -17.280    -10.860     22.081
  -1   -2     -7.190    -13.122     19.394
  -1   -2     11.130     46.938     17.980
  -1   -2    -37.057     -6.180      0.499
  -1   -2      1.983    -14.080     11.608
  -1   -2     -4.337    -27.662     17.902
  -1   -2    -36.303     31.904     -2.363
  -1   -2     -7.031    -18.230    -14.400
  -1   -2    -17.633     -5.355    -11.155
  -1   -2    -22.293     30.080     21.251
  -1   -2     16.546     11.145     13.357
  -1   -2    -61.655     -6.868    -17.389
 983   -2    -49.488     10.291      2.669
  -1   -2     -5.939      2.924     22.271
  -1   -2    -50.212     49.991     -1.471
  -1   -2     38.586     23.377     18.237
 470   -2    -61.592    -13.105      8.569
  -1   -2    -17.099    -14.074     18.114
  -1   -2     18.924     51.393     19.668
  -1   -2      4.234    -31.067     -3.779
  -1   -2     -8.115     14.068     24.284
  -1   -2     -0.818     23.674     -7.871
  -1   -2     -4.417     23.058      3.100
  -1   -2     47.821     51.756     -9.462
  -1   -2    -12.189      2.851    -10.711
  -1   -2    -12.078     21.513     18.220
  -1   -2    -26.636      4.666    -12.545
  -1   -2      6.845     -7.749    -24.324
  -1   -2    -36.133     47.506     -5.704
  -1   -2     14.605    -11.196    -12.958
  -1   -2     49.935     14.463    -17.029
  -1   -2    -22.975     -7.339     13.053
  -1   -2      0.230    -17.784     -7.105
  -1   -2     -8.832     15.558     -8.752
  -1   -2     22.226      0.021      3.015
  -1   -2     27.693     -0.452    -20.886
  -1   -2    -47.636      5.770    -11.790
  -1   -2     43.618    -25.908     -5.113
  -1   -2    -44.139     30.469     -5.764
  -1   -2     -6.249     33.581    -15.520
  -1   -2    -62.346      4.808      9.801
  -1   -2    -58.907    -23.580     14.602
  -1   -2    -65.088     21.245      4.330
  -1   -2     -1.081     29.413      9.215
  -1   -2     -7.565    -18.251     16.822
  -1   -2     37.171    -20.732      3.511
  -1   -2     53.833      4.687      2.969
  -1   -2     37.933     10.216      9.723
  -1   -2    -49.086    -24.906    -23.040
  -1   -2    -38.648    -32.267      5.339
  -1   -2    -28.517     -6.343      5.601
  -1   -2    -17.336     31.442     22.108
  -1   -2     -3.611     37.652      0.127
  -1   -2    -59.208     14.011    -17.983
  -1   -2    -62.218    -14.871      7.855
  -1   -2    -10.736     48.661    -10.274
  -1   -2    -52.849    -25.871    -14.913
  -1   -2    -24.758     13.887    -10.897
  -1   -2    -31.178     17.420      1.121
  -1   -2    -40.102    -18.345     -2.329
  -1   -2    -39.318    -25.978     13.038
  -1   -2     35.398    -25.559    -14.857
  -1   -2     15.029    -28.885     14.985
  -1   -2    -18.831     19.987      2.210
  -1   -2     13.263     11.777      3.717
  -1   -2    -30.633     -1.684     18.817
  -1   -2    -28.278    -28.935    -21.671
  -1   -2     27.091     -4.259     20.371
  -1   -2    -49.859     -9.689     -0.232
  -1   -2     25.727     35.989      7.235
  -1   -2    -30.308     18.598     -9.586
  -1   -2    -56.240     31.577    -16.413
  -1   -2     -1.456     10.985     22.475
  -1   -2     46.963     15.419    -23.461
  -1   -2     28.155     20.034     -5.978
  -1   -2     14.534     -7.927     13.481
  -1   -2     -7.451     42.158    -26.504
  -1   -2    -37.937     41.097     -0.620
  -1   -2     44.685     11.930     14.037
  -1   -2    -13.270     -5.341     -9.528
  -1   -2      8.974    -28.833    -21.771
  -1   -2      6.186     19.392     12.089
  -1   -2    -29.179    -18.780     -4.383
  -1   -2    -35.602     -0.963      2.658
  -1   -2    -46.159    -31.181     21.877
  -1   -2    -40.690     23.135     -8.588
  -1   -2     53.667    -37.379    -14.732
  -1   -2     46.990     39.031      7.877
  -1   -2     -3.351     51.571     10.547
  -1   -2     50.832     -3.523      0.532
  -1   -2     47.521     -5.429      6.338
  -1   -2     47.396    -14.209     21.820
  -1   -2     51.730     -0.344      8.022
  -1   -2    -63.926     45.113      8.963
  -1   -2     47.387     19.781    -31.102
  -1   -2      9.379    -16.424     23.813
  -1   -2     12.143     45.193    -25.236
  -1   -2    -49.350     54.063    -20.740
  -1   -2    -63.345     10.807     10.706
  -1   -2     20.441    -21.284    -31.091
  -1   -2      8.440     51.586    -33.756
  -1   -2     51.108    -18.202     13.472
  -1   -2    -47.730     -9.378     19.441
  -1   -2     48.362    -13.049     23.198
  -1   -2     56.065     51.580     22.731
  -1   -2     14.943     54.151    -19.920
  -1   -2    -10.842    -32.081     18.065
  -1   -2      8.280     57.587    -15.929
  -1   -2     45.117     26.148     23.701
  -1   -2     50.200    -13.567     -9.854
  -1   -2     27.319     11.298    -22.786
  -1   -2     45.382     -8.720     21.490
  -1   -2    -18.392     56.061     -8.569
  -1   -2     31.132     55.773     11.099
  -1   -2    -61.812     -0.042    -15.900
  -1   -2     -8.103    -16.285    -30.568
  -1   -2    -27.005     19.646     -0.706
  -1   -2    -50.120     54.637     33.529
  -1   -2      9.833     13.301      8.820
  -1   -2    -26.377      0.509     12.620
  14   -2    -22.282     34.443     14.116
  -1   -2     21.219     33.207      5.039
  -1   -2    -12.178      2.168      3.380
  -1   -2     11.513    -14.715      9.270
1162   -2      5.652      9.693      8.358
  -1   -2      1.477     14.059     12.075
  -1   -2      1.852     -6.521      5.295
  24   -2      9.120     28.857     12.629
  11   -2    -33.677    -11.368     13.178
1168   -2    -25.115      0.424     16.958
  31   -2     18.643    -12.283      4.079
  61   -2      7.478     33.147     12.011
  -1   -2      7.048     13.555     -4.592
  48   -2      1.474     21.491     10.570
  54   -2      8.979    -23.159      0.006
  -1   -2    -20.438    -16.935      8.153
  69   -2    -13.981      6.061      7.946
  -1   -2     -6.300     -7.301      8.928
  47   -2     -5.669    -14.763      8.089
  -1   -2     21.450    -19.438      6.905
  28   -2     23.399    -31.545     -3.862
  37   -2     29.704    -12.623      5.700
  -1   -2     18.846      9.300      8.763
  73   -2     -5.193      2.646      9.051
  46   -2    -47.678      7.767     -8.728
  -1   -2      1.823      2.641     10.842
1188   -2     14.379     -9.877      9.123
  -1   -2      7.236     35.470      8.963
1212   -2      7.236     35.470      8.963
  59   -2    -17.481    -29.833     13.665
  -1   -2    -11.711    -10.316      8.999
  -1   -2      6.754    -15.262      7.158
  -1   -2    -19.146    -20.121     11.965
  -1   -2    -10.779      9.890      5.894
  -1   -2     13.416     19.316      7.327
  -1   -2     13.416     19.316      7.327
  -1   -2     11.370     -8.240      8.590
 218   -2     11.291      9.278      5.442
  -1   -2     -9.248      3.226      4.201
  -1   -2     36.513     11.313      0.937
  -1   -2     -7.073      1.958     17.025
 192   -2     30.406     31.901      5.153
  -1   -2    -16.734    -15.290      9.278
  -1   -2     19.425    -16.745      7.599
  -1   -2     21.651      8.137      5.544
1182   -2     12.966     22.932      7.489
  -1   -2     -2.409    -15.917      7.622
  93   -2     21.669      9.994     12.926
  -1   -2     25.588      1.488     17.229
  -1   -2     24.285    -18.745      6.968
1210   -2    -29.231     33.509     -2.662
 313   -2     19.076     -0.363     12.540
 178   -2     15.618      0.385     10.936
1209   -2     -6.870     -7.247      8.804
  -1   -2      4.824     -0.794     13.061
 116   -2    -12.477     19.896      7.370
  -1   -2    -12.888     19.826      5.355
  -1   -2    -15.670     16.625      9.307
1219   -2    -10.014      1.793     10.307
 146   -2      8.370      3.409      7.658
 225   -2     -6.368     11.420      8.423
  -1   -2     22.146     16.433     11.344
  -1   -2     22.146     16.433     11.344
  -1   -2     -6.500     22.392      6.518
 183   -2     10.318      7.745      7.118
1213   -2    -11.123     10.247     10.229
  -1   -2      1.958     -6.484      6.015
  -1   -2      3.070     26.268     11.644
1226   -2    -59.657    -12.407     11.346
1225   -2     10.143     -0.256      9.197
 214   -2     -0.880    -20.908      4.580
1232   -2    -26.911     30.347     13.089
  -1   -2    -30.814      0.975      1.147
  -1   -2     -1.479      0.595      8.594
  78   -2    -21.169    -22.406     11.849
 202   -2    -28.713     -8.783      3.015
  -1   -2    -12.805      3.205      7.924
  -1   -2    -13.078      3.218      6.212
 325   -2    -24.199      4.739     10.688
1217   -2    -18.843     -6.101      7.334
 301   -2     11.760     -4.338      8.454
  -1   -2    -14.914      5.090     11.472
  -1   -2     17.526     -2.131     10.939
 264   -2    -48.021     -5.796     -3.260
  -1   -2    -49.676     21.994      0.090
 621   -2     34.734     -7.972      8.130
 623   -2    -18.584     27.785      8.894
  -1   -2    -60.069     -5.422     10.705
1239   -2     50.111     44.387      2.553
 203   -2     10.103     22.113     10.116
 672   -2     25.582    -32.933      6.027
1243   -2    -59.203     -5.471      9.102
  -1   -2     48.302     42.636      6.941
 674   -2     20.367    -31.501     11.648
 271   -2     -7.013    -15.613      8.602
  -1   -2    -52.906     19.934    -19.197
 806   -2     19.030    -29.746    -15.602
  -1   -2      0.014      3.232      8.010
  -1   -2     50.698      2.187     12.941
 375   -2    -57.709     23.428     19.963
  -1   -2    -29.576     -6.431     11.983
   0   -2      9.734     13.296      8.595
1156   -2    -26.450      0.525     12.130
1155   -2     21.219     33.207      5.039
1157   -2      1.852     -6.521      5.295
1158   -2     11.513    -14.715      9.270
1161   -2    -12.178      2.168      3.380
  -1   -2      8.943     28.783     10.440
  -1   -2    -14.423    -21.383      8.361
  -1   -2     18.846      9.300      8.763
  41   -2     18.582      9.239      8.213
1171   -2      1.823      2.641     10.842
1176   -2     12.275      1.243      3.827
  43   -2    -28.033     15.721      6.762
1178   -2     -6.273     -7.382      8.977
1174   -2      7.048     13.555     -4.592
1170   -2    -20.360    -16.949      8.449
 135   -2     13.361     19.299      7.089
1180   -2    -12.888     19.826      5.355
1200   -2      4.617     -0.771     10.785
1191   -2     -7.073      1.958     17.025
 199   -2      3.070     26.268     11.644
  -1   -2     14.890     -8.549      7.040
1192   -2    -10.850      9.861      5.484
1208   -2     25.588      1.488     17.229
1193   -2     -2.409    -15.917      7.622
  94   -2      6.754    -15.262      7.158
1179   -2     -9.248      3.226      4.201
  -1   -2     14.604     -2.624      3.835
 200   -2     21.651      8.137      5.544
  -1   -2    -13.078      3.218      6.212
  -1   -2     -1.479      0.595      8.594
1223   -2     -1.147      0.473      8.099
 715   -2      0.014      3.232      8.010
  -1   -2     -8.499     -9.078      7.961
1224   -2    -30.814      0.975      1.147
1233   -2    -14.914      5.090     11.472
  -1   -2     21.959     16.313     10.002
 624   -2    -49.676     21.994      0.090
  96   -2     24.322    -18.653      7.574
1240   -2     48.302     42.636      6.941
1244   -2    -60.069     -5.422     10.705
  -1   -2     -5.357      2.653      9.051
1250   -2     50.698      2.187     12.941
1215   -2    -16.734    -15.290      9.278
 127   -2     22.146     16.433     11.344
 150   -2    -12.805      3.205      7.924
 212   -2    -29.663     -6.262     13.082
 221   -2     -4.944    -19.072      7.108
1165   -2    -48.609     16.123     10.264
1205   -2     -4.925     12.549      8.858
1220   -2    -13.078      3.218      6.212
1246   -2     -6.476     22.432      7.698
1248   -2    -49.144      9.915     10.078
1256   -2    -28.809    -15.655      6.436
1259   -2     18.680    -12.270      4.780
