1176
   1    21.799    41.946     9.195  125  108  192  137
   2   -26.256     0.744    13.498  693  646 1031  935
   3    -5.027    33.477     1.643  232  206  362  275
   4    38.170    23.039    17.239  365  358  563  483
   5     7.394   -31.381    12.327 1178 1021 1635 1538
   6    21.631    32.579     9.291  251  235  378  297
   7   -23.330    48.825     1.460   53   32   96   62
   8   -13.459    42.994    -6.168  105   84  175  117
   9   -11.954     2.061     3.556  678  636  971  885
  10   -19.885    31.241    -4.450  262  236  400  312
  11    13.272    16.200     3.903  458  440  697  596
  12    -7.113    39.662     4.590  145  130  233  165
  13   -18.311    47.773     5.021   65   43  111   68
  14     8.173    44.061    11.135  102   86  163  109
  15     6.261    13.189    12.490  498  477  770  673
  16     2.215    -6.467     5.128  832  749 1153 1083
  17    10.711    49.951   -11.681   38   29   72   33
  18    11.666    37.452     6.515  175  153  281  212
  19    36.889    11.216     8.174  543  517  797  704
  20    26.908    37.749     1.667  171  160  262  198
  21    -2.735    21.968   -13.334  369  365  565  467
  22    19.027   -31.392     9.296 1182 1027 1603 1545
  23     7.925   -23.530    -0.312 1111  976 1431 1391
  24    13.563    47.386    10.290   69   51  113   73
  25    29.236   -13.440     4.962  956  853 1270 1248
  26    -6.487    -7.068    10.765  839  762 1184 1104
  27    20.228   -19.927     7.424 1055  933 1382 1351
  28   -19.991    44.883    25.359   98   77  165  111
  29    27.789    40.886     9.876  133  126  202  146
  30    29.722    37.742     6.559  173  155  265  202
  31    -8.807     3.249     4.526  658  616  945  862
  32   -28.886    -4.987    13.774  787  724 1157 1053
  33   -15.247    16.859     9.313  443  420  710  590
  34    12.292    40.317     9.522  137  129  214  156
  35   -24.447    45.546     5.090   83   57  140   93
  36    10.147    22.195     9.278  373  359  590  495
  37    10.558    -0.300     8.602  720  675 1019  961
  38    -7.218    42.410     6.781  115   95  189  129
  39    -2.041   -26.311     0.131 1135  986 1483 1431
  40   -10.658    10.060     6.230  550  523  829  716
  41     8.609   -32.028     7.550 1194 1044 1640 1547
  42     1.520    32.834    -4.626  237  217  367  288
  43   -23.737    40.073    10.110  139  118  228  166
  44     0.458    44.944     8.972   94   75  147  100
  45   -21.018   -13.362   -12.014  944  859 1271 1195
  46    17.678    38.627   -10.171  152  144  232  177
  47    13.300    41.912    13.016  127  105  198  139
  48   -29.175   -15.870    14.946  969  876 1368 1294
  49     6.323    -5.175     9.218  807  735 1128 1057
  50    -5.793   -19.505     7.038 1040  923 1392 1336
  51   -11.678   -10.150     8.578  886  800 1242 1163
  52   -12.025    25.860     9.105  326  308  526  423
  53   -51.536    12.993   -13.604  490  471  762  638
  54    23.592    15.435     8.263  473  451  715  621
  55   -22.905    46.302    13.069   81   53  134   92
  56   -13.255     6.050    12.587  609  574  901  807
  57   -15.717    -2.381    12.931  741  689 1090 1002
  58   -20.294    38.164    -4.164  157  139  269  193
  59     5.565    16.928    -1.182  442  426  680  579
  60    12.042    26.590    -9.527  317  304  474  386
  61    15.724     0.250    11.912  713  666 1011  957
  62    17.346    31.085    10.236  272  252  409  326
  63    -2.403    44.800    -5.594   87   76  141   98
  64    16.439    13.064     7.935  501  484  760  665
  65    10.110    13.292     7.510  496   -1  757  663
  66    23.659    37.080     6.499  180   -1  286  219
  67    38.621    50.205     5.380   43   36   69   -1
  68    -0.150   -32.263     5.720 1197 1054 1647   -1
  69    38.425    11.184    -1.202  544  520  785   -1
  70    28.722   -30.808     2.332 1188   -1 1548 1498
  71   -10.432    36.540     4.416  188  157  307   -1
  72    15.130   -31.988     7.996 1208   -1 1625 1550
  73    16.612   -31.967     1.111 1211 1051 1577   -1
  74    -5.030    36.697     5.850  185  159  305   -1
  75    35.027    22.616    14.175  377  357  568   -1
  76   -45.881     7.931    -3.326  575  552   -1  743
  77   -21.910    34.746    12.321  215   -1  342  262
  78     8.989    28.781    10.106  296   -1  455  363
  79    11.032   -31.216    12.366 1176 1020 1627   -1
  80     7.405    13.476    -4.488  493  476  746   -1
  81     5.709     9.782     9.406  557   -1  833  732
  82    11.022   -14.670     9.440  973   -1 1305 1273
  83   -12.572    18.960     3.966   -1  394  665  552
  84    35.000    -8.592    10.635  876  782 1187   -1
  85     7.748    33.108     9.064  241   -1  370  291
  86    19.394   -31.874     0.986 1210 1047   -1 1520
  87   -27.856    15.723     4.969  456   -1  729  612
  88   -27.173    44.810    18.315   95   -1  161  107
  89    47.086    39.077     6.805  155   -1  227  174
  90    43.406    27.092     4.373  313   -1  469  388
  91    35.472    28.213     9.189  304  290  450   -1
  92     1.633    21.713     9.560  380   -1  600  502
  93     7.116    40.845     6.699  131   -1  207  149
  94   -30.826     1.698   -18.723   -1  648  957  853
  95    20.776    42.049    10.399  123   -1  194  134
  96     2.060    42.268     4.245  119   -1  188  125
  97   -34.339    52.096    12.937   26   -1   58    9
  98    29.754   -33.073    -1.304 1223   -1 1598 1558
  99   -26.282    51.167     7.062   -1   22   64   23
 100   -53.814    14.955   -15.582  464   -1  733  592
 101     7.571    21.498     8.630  385  370  598   -1
 102     2.107     2.740    10.071  670   -1  966  886
 103    11.371    20.755     9.310  394   -1  619  526
 104    40.207     0.973   -13.428  717  672  937   -1
 105   -35.981    29.126     7.837  285   -1  464  360
 106     4.652   -30.539   -18.614   -1 1052 1524 1456
 107   -25.039     0.765    16.971  692   -1 1045  938
 108   -51.512     5.660   -15.626  603  584  887   -1
 109   -16.977    26.396     7.977  310   -1  515  412
 110     9.963   -27.073     9.836 1141   -1 1521 1455
 111     8.864   -11.454   -21.886  927  837   -1 1137
 112    23.156   -31.777    -4.612   -1 1060 1553 1497
 113   -15.576   -21.179     7.467 1059  942   -1 1358
 114    12.336     1.169     5.006  703   -1  978  916
 115   -27.486    17.524     5.484  424  407   -1  574
 116   -17.978    27.676     7.938  301   -1  489  381
 117   -48.849    18.118    13.657   -1  397  703  573
 118     9.066    28.843    12.589  297  274  452   -1
 119    19.150     9.016     7.043  573   -1  836  745
 120    19.544    47.117     4.003   70   -1  112   75
 121    41.315    20.727   -16.177  399   -1  571  497
 122    22.023   -34.431   -11.345   -1 1099 1618 1554
 123   -47.079    28.266     7.522   -1  270  491  370
 124    10.789    38.109     8.620  167   -1  267  200
 125   -21.690     4.572     6.940  630  599   -1  832
 126    21.740   -12.389     8.377  932   -1 1261 1233
 127   -60.533     5.677    11.992  597  569   -1  806
 128    37.718    -7.676     2.380   -1  776 1145 1116
 129   -20.523    -7.360    15.726  833   -1 1209 1122
 130    49.756    23.044     5.656  362   -1  543  466
 131   -51.784    21.283   -10.742   -1  356  611  490
 132    39.842    36.445    -7.710  193   -1  280  217
 133   -42.707   -29.195     2.992 1147 1007   -1 1462
 134    27.590    20.604     7.293  400   -1  609  529
 135    18.897   -23.289     9.749 1105   -1 1438 1400
 136   -57.055    17.063     3.237  428  405   -1  577
 137    34.026    48.979    11.531   57   46   90   -1
 138    19.591   -31.575     8.612   -1 1035 1609 1540
 139   -28.018   -15.963    18.172  977  874   -1 1303
 140   -50.083     7.829    10.979  578   -1  878  763
 141    -3.908   -31.893    -3.750 1203 1061 1587   -1
 142    39.289     7.473    12.337  595   -1  852  780
 143    26.180     1.303    15.611  700   -1  993  934
 144     7.631    35.264     6.835  210  183  325   -1
 145    25.853   -32.585     0.350   -1 1071 1596 1548
 146   -14.282    20.102    -5.167   -1  383  629  521
 147    37.925    49.416     2.546   50   42   82   -1
 148   -13.609     6.320     7.986  600   -1  892  793
 149    34.094    53.336    -5.836   12   18   17   -1
 150   -29.428   -14.472    12.500   -1  849 1340 1263
 151   -12.832   -11.722     8.808  910   -1 1272 1208
 152    50.287    44.592     3.258   96   -1  139   95
 153    35.446    51.312   -20.063   25   -1   42    2
 154     2.387    43.158     3.554  107   92  174   -1
 155    38.383    22.844     1.105  364  361   -1  465
 156   -30.046    -6.103    12.149  808  740   -1 1075
 157     7.917   -10.736   -14.764   -1  822 1196 1140
 158   -60.390    30.311     5.173  273   -1  444  336
 159    17.566    -5.295     7.240   -1  741 1120 1056
 160   -48.611    33.416     0.240   -1  190  377  283
 161     7.332   -29.801    -3.987 1173 1017 1529   -1
 162   -47.666    -7.819   -21.185  849  781 1161   -1
 163    21.856     9.839    11.663  563   -1  828  734
 164    24.630   -32.410     0.887   -1 1070 1589 1543
 165   -14.211    39.123    -7.636  147  131  238   -1
 166   -49.939    33.583     5.842   -1  189  380  285
 167   -47.757    40.402     6.758  132  102   -1  160
 168    -5.656    -7.031    10.280  842   -1 1173 1110
 169   -33.058    -4.729    -0.273  783  729 1126   -1
 170    48.893    42.146     7.532  124   -1  182  124
 171   -17.231     3.084     5.343  657   -1  964  867
 172   -13.118    47.299     4.890   67   -1  118   79
 173   -49.659     0.505     6.051   -1  653 1046  920
 174    22.895    24.993     6.675  332  321  527   -1
 175    -6.067   -14.907     8.797  970   -1 1319 1269
 176    38.805     4.435    16.580  652   -1  919  861
 177    28.474    38.005    18.618   -1  151  270  209
 178    10.185   -31.839     4.125 1200 1043   -1 1525
 179    25.736    19.483     9.447  414  399  643   -1
 180    21.093   -31.458     1.843   -1 1038 1565 1508
 181    28.810    10.017     6.726  559   -1  816  723
 182   -48.259     9.195     0.506   -1  526  849  728
 183    12.894    12.806    10.004  510   -1  775  679
 184   -63.979   -14.325    -7.043  939  863   -1 1219
 185    -7.842    -6.908     9.445   -1  751 1174 1102
 186    16.802    -1.998    -7.845   -1  693 1020  970
 187   -58.934    24.317     9.798  331  312  578   -1
 188   -14.201     4.168    12.877   -1  602  946  856
 189     4.783    34.521     9.391  217  193  337   -1
 190    21.897    -5.329    15.051  813  739   -1 1081
 191   -17.718   -30.273    16.398 1153 1010   -1 1501
 192    23.038   -30.247    -9.024 1187 1033   -1 1470
 193   -36.470   -23.728    12.495 1088   -1 1494 1398
 194   -49.676    -0.572     6.189   -1  668 1067  949
 195    36.696   -34.577   -12.212   -1 1100 1597 1563
 196    10.262    43.156     5.794  108   -1  171  118
 197    -6.927     1.948    21.025  674  631 1010   -1
 198    51.747   -13.656   -10.540  985  872 1236   -1
 199   -16.613    -9.564     2.911  874  796 1230   -1
 200   -52.001    25.934   -12.810   -1  297  516  396
 201    -6.052    22.791     6.490  353  343  580   -1
 202    19.895    15.102    -6.276  475  460   -1  611
 203    -4.565    -6.214    14.743  820  746 1164   -1
 204     8.222    11.640    -6.464  530  499  779   -1
 205   -12.102    20.036     6.607  401   -1  647  538
 206     6.322   -25.389   -17.183 1134  987 1432   -1
 207   -20.515   -16.728     8.256 1002   -1 1363 1301
 208     0.585   -25.953    -8.140 1133  990   -1 1402
 209   -37.179     0.968    10.343  687  642 1025   -1
 210    13.587    19.057     5.822  418   -1  652  553
 211    38.132    -6.018     4.598   -1  753 1117 1076
 212   -30.160   -13.211    -2.171   -1  845 1289 1209
 213     9.933    30.208     4.921  278   -1  418  333
 214   -16.405    11.811   -18.211  519  495  768   -1
 215    -6.994    -7.932    16.365  847   -1 1210 1142
 216   -16.755    -1.669     7.084  734  682   -1  982
 217     2.555    17.554   -16.986   -1  422  660  555
 218    -0.521    23.396     7.696  344   -1  560  460
 219   -53.498   -13.063    -1.352  921   -1 1298 1205
 220     6.083   -15.757     6.113  996   -1 1323 1285
 221    17.171    51.236     5.822   33   -1   57   16
 222   -60.972    35.083     8.163  202   -1  350  252
 223    21.610   -14.830    12.686  979  870 1315   -1
 224     0.811    -4.204   -12.799  792  738 1073   -1
 225    13.696    36.460     6.459  194   -1  304  228
 226    12.523    51.206    11.478   37   26   59   -1
 227    12.015   -31.655    10.372   -1 1036 1629 1541
 228    30.989    25.393    11.783   -1  318  521  434
 229   -32.867    29.844     8.343  279   -1  445  345
 230     2.984    26.420     9.228  318   -1  506  411
 231   -32.821     0.769    10.403  689  647   -1  923
 232    12.215   -32.781    -5.276 1220 1087   -1 1510
 233    42.438    33.395    -1.848  236   -1  335  273
 234     4.637    -0.863    10.368  728   -1 1047  976
 235    13.120    22.598     4.974  360   -1  575  481
 236     8.615     3.270     6.895  663   -1  939  870
 237    24.086     6.666    -5.336  610   -1  851  770
 238   -43.761   -32.727    -3.602 1196   -1 1654 1489
 239   -64.113     4.241   -10.793  626  601   -1  797
 240   -16.157   -14.805    -6.999  976   -1 1297 1242
 241   -24.526    22.904     6.366  347   -1  584  472
 242    19.260   -16.994     6.908 1018   -1 1345 1313
 243    10.018    -4.232     9.009   -1  717 1110 1034
 244   -50.804   -11.881     3.655  900  821   -1 1182
 245    18.663    21.938   -20.088  376  372  545   -1
 246    19.919    46.040     0.921   82   64   -1   86
 247   -61.589   -13.362     9.179  917   -1 1327 1231
 248     3.944     7.068     0.473   -1  565  859  769
 249   -13.892    50.105    -2.908   41   24   77   -1
 250    23.913   -32.174     1.897   -1 1059 1574 1542
 251    13.804   -26.767    -1.129 1144   -1 1476 1433
 252   -61.950    43.232    16.570  106   -1  196  126
 253   -26.826    30.392    11.301  275  246   -1  339
 254    19.880   -25.971   -14.871 1146  995   -1 1401
 255   -15.675    -1.879    -5.284  744   -1 1049  968
 256    -4.777    12.671    12.507  507  480   -1  685
 257    17.690   -31.557     9.317   -1 1031 1616 1539
 258   -59.774    -5.383    11.285   -1  727 1185 1051
 259   -30.670     0.905     2.913  691  651   -1  907
 260   -14.049     2.675    -0.777  669   -1  959  864
 261    -3.103   -16.129     7.433  997   -1 1343 1295
 262   -51.712    20.739   -13.270  383  367   -1  494
 263    48.414    42.788     7.407  116   -1  168  119
 264    44.666    30.642   -13.738   -1  267  382  306
 265   -22.377    50.097    16.323   48   -1   87   47
 266     0.021    20.686     7.282  392  379  621   -1
 267    10.688    -8.561     8.809   -1  784 1197 1141
 268    50.343     6.823     7.732  613   -1  857  784
 269     3.983    10.032     4.043   -1  528  825  711
 270     5.269    -5.183    10.186  805   -1 1131 1059
 271   -18.280    -3.131    -4.706  758   -1 1079  984
 272    -2.877    15.170     5.252  471   -1  728  626
 273    51.785    30.352    -0.051   -1  272  397  327
 274     0.526    17.887   -10.218   -1  418  658  559
 275    25.045     1.287    16.887   -1  652  991  940
 276    23.003    -0.209     3.331  726   -1 1004  946
 277    19.154   -28.382    -8.475 1162 1008 1500   -1
 278    11.485   -32.708    17.606 1205 1041 1657   -1
 279   -52.037   -28.282   -15.358 1148 1009   -1 1412
 280   -52.118    23.231   -12.322   -1  329  570  443
 281   -40.058    34.421     5.502   -1  177  354  268
 282    -7.901    13.201    17.181  494  470  793   -1
 283     6.482   -32.258     5.478 1202 1055 1646   -1
 284    -5.196    11.623   -10.844   -1  500  782  668
 285    -8.363    27.261    10.212  307  289   -1  391
 286    37.901    36.954    -3.773  183   -1  272  205
 287     5.357    31.224   -22.806  261  245   -1  294
 288    37.204    28.317    -6.785   -1  287  437  358
 289    27.776   -33.040    18.586 1215 1046 1656   -1
 290    12.923   -27.944    17.333   -1  993 1536 1473
 291    22.052    16.107    11.797  465  442  705   -1
 292    35.514    16.550     5.550  461  437  679   -1
 293   -49.327   -30.592   -12.779   -1 1039 1566 1451
 294    31.320    31.110    -4.095  270  258  388   -1
 295    20.293    -3.984    12.988  782  715 1106   -1
 296    19.098    -0.625    12.931  725  678 1034   -1
 297    -6.546    34.607     6.439  216   -1  338  256
 298     9.024    -4.223    10.568  786   -1 1113 1036
 299    34.500    35.505     5.723  211  191  308   -1
 300    38.684    -4.837     2.983  819   -1 1088 1044
 301   -18.741   -10.511     7.517   -1  808 1254 1169
 302    49.435    29.549     7.046  290   -1  419  344
 303   -35.763     5.880    -6.775  608   -1  886  772
 304   -13.918     5.404     3.132  618   -1  907  803
 305   -49.231    -8.611     0.203  850   -1 1225 1111
 306    27.103   -26.310     7.542 1138   -1 1482 1444
 307     7.614   -30.399   -16.149 1195 1040 1523   -1
 308   -52.062     3.506    -8.733   -1  614  940  822
 309    12.013   -23.685    11.028 1108   -1 1448 1405
 310     2.724   -20.021    -6.135 1061  939   -1 1328
 311   -12.849   -30.888     2.395 1175 1025 1601   -1
 312     4.703   -32.116    20.649 1183 1022   -1 1571
 313   -49.742     0.065    19.229   -1  650 1075  962
 314    16.086   -23.675    16.274 1103  964 1457   -1
 315   -12.772    48.773     5.271   54   -1   97   60
 316     9.829    16.012   -12.495  457  445  685   -1
 317    24.136    -6.098    10.052  830   -1 1136 1091
 318   -20.173   -20.756    14.610 1045  934   -1 1369
 319    -2.775     1.192    -9.143  697  660  968   -1
 320   -29.037     2.247    14.256   -1  622 1001  900
 321     2.901    -9.333     9.730  880   -1 1222 1154
 322   -25.595    -9.160    -6.187  872   -1 1205 1114
 323    37.209    20.113    -6.030  410   -1  597  517
 324    -9.339    15.658     7.829  463   -1  725  616
 325   -35.553    36.133    -2.671  182   -1  318  234
 326    50.100    13.384     5.915  509   -1  741  661
 327    33.397   -23.879    15.778 1113  970 1447   -1
 328     4.247   -17.394    16.834 1013   -1 1371 1329
 329    -4.567   -12.892   -10.607  942   -1 1257 1186
 330   -24.687    12.172   -13.261   -1  489  778  651
 331    38.464    49.992     0.772   -1   39   67   26
 332   -16.234    -7.752   -12.836  853   -1 1156 1062
 333    26.196    -3.862   -13.671  799   -1 1054  989
 334   -23.017    33.567    -1.717  229  201   -1  271
 335   -28.817    13.332    10.944   -1  466  792  662
 336   -35.356    -3.224     0.115  750  696   -1  990
 337   -27.677   -12.056     3.795  912   -1 1276 1203
 338   -25.792    20.584    -9.888  391  373   -1  501
 339    -5.266    17.803     9.460  426   -1  682  575
 340    -5.106    26.372   -11.986  309   -1  492  384
 341    18.028   -31.254    15.699   -1 1018 1622 1561
 342    15.098    37.855   -13.009  165  146  250   -1
 343   -24.867     8.961    17.536  562  531  868   -1
 344    -1.238   -21.841   -15.691 1092  963 1389   -1
 345    17.106   -33.492     0.937 1221   -1 1648 1566
 346   -19.954    13.372     2.342   -1  467  766  655
 347     4.128    11.546    10.067  528   -1  807  702
 348   -16.941   -15.177    13.039  962  867   -1 1281
 349     5.630    -7.196   -17.803  854  775 1123   -1
 350    34.662   -37.216     1.554   -1 1110 1669 1578
 351   -63.272   -10.557    18.716  865  794   -1 1181
 352    -7.873    -9.572     5.602  878   -1 1229 1150
 353    20.142   -27.627   -14.212 1157 1003   -1 1429
 354   -62.252    30.703    13.921  269  232   -1  334
 355    28.836    -7.995     9.543  860   -1 1171 1131
 356    13.431     4.288     5.375  648   -1  916  842
 357    41.497    -4.677   -15.738  825   -1 1057 1004
 358   -26.287    49.611    -1.881   -1   25   89   48
 359    -7.312    -8.632    -3.169  863  790 1189   -1
 360   -56.369    21.748    -4.622  361   -1  610  485
 361    14.720   -26.867     7.652 1139  988 1508   -1
 362    16.315   -32.792     7.193   -1 1063 1649 1567
 363    14.931     5.443    10.249  624   -1  900  820
 364   -31.604   -19.534    13.229 1030   -1 1415 1342
 365   -26.356   -13.510    -2.506  936  856   -1 1215
 366    39.263    10.182     7.919  561   -1  813  718
 367    -9.202     2.136    11.406  675   -1  980  902
 368    -6.704   -23.035     6.488 1093  961 1439   -1
 369    42.360    29.287     1.829  294  275   -1  348
 370     1.447    -6.723     5.625   -1  757 1154 1092
 371    20.593    50.722    14.129   42   31   -1   24
 372   -20.299    45.943    37.769   92   -1  152  101
 373   -11.306    14.546     5.866  479  455   -1  637
 374    28.242    12.834     8.384  513   -1  763  678
 375    41.850    39.582    -0.444  148   -1  215  159
 376   -49.063     5.684    17.514  602  566  943   -1
 377     6.323    -1.911    -6.496  745   -1 1038  964
 378   -49.590    30.942     0.068  264  225  420   -1
 379    -6.829    35.774    12.237  199  170  324   -1
 380    10.662     7.636     6.432  590   -1  858  766
 381    24.956    15.662     9.534  470   -1  714  619
 382    11.586     9.165     5.303  571   -1  834  739
 383   -19.866    -9.619    10.117  873   -1 1241 1155
 384   -61.387    32.763    16.309  239  198   -1  304
 385    27.980    34.810     8.341  219   -1  327  247
 386    11.082    -0.829    10.587   -1  679 1041  977
 387     6.087   -26.870     7.567   -1  989 1514 1448
 388   -10.570   -30.586     5.270 1167   -1 1595 1481
 389     2.875   -20.439    11.221 1053  935   -1 1363
 390    27.365   -29.932   -11.455 1186 1026 1519   -1
 391   -35.957    38.335     2.721  159   -1  273  195
 392   -48.059    -0.221    -9.339  712  669 1023   -1
 393   -19.386    17.118   -20.149  436  423   -1  557
 394   -50.102    -4.534    12.876   -1  705 1159 1038
 395   -43.100   -26.097     0.468 1124  984   -1 1409
 396   -23.604   -17.032    -9.232   -1  910 1344 1266
 397   -21.153    -8.689     6.781  858  777   -1 1136
 398   -43.322   -24.023     0.913 1101  975   -1 1393
 399    14.682    -8.728     7.428  870   -1 1198 1145
 400     4.682    42.171     4.025  118   -1  190  130
 401    19.698   -21.931     3.376 1091  950   -1 1379
 402   -10.427    26.851    10.169  308  292  503   -1
 403   -20.635    -5.616    -4.389   -1  742 1130 1031
 404   -54.151    16.898    14.301  430  410   -1  594
 405   -51.417    19.291   -12.186   -1  386  654  530
 406   -28.396    46.783    11.114   73   -1  127   87
 407     8.664    52.668   -16.263   16   16   27   -1
 408    49.399    35.950     3.762  201   -1  300  232
 409    -8.640   -14.512    -3.883  971  871   -1 1247
 410   -49.466    22.345    -1.508   -1  337  599  471
 411   -20.221    -3.849    -2.982  773  714   -1  999
 412    24.317   -14.260    10.250  968   -1 1294 1267
 413   -34.295    40.298    -0.588  130   -1  220  158
 414    -4.625    12.785     8.150  503   -1  789  677
 415    15.944    35.375     0.618  208  179  319   -1
 416   -14.170    38.418     5.202  160   -1  266  194
 417   -50.029    -8.320    14.990   -1  765 1249 1133
 418   -17.896   -19.600    10.945 1036   -1 1406 1343
 419   -26.919   -10.033   -18.618   -1  814 1200 1105
 420     7.431   -33.448    14.793 1213 1069 1660   -1
 421   -49.488    17.237    11.631   -1  404  718  587
 422   -35.352     8.981    13.447  558   -1  863  749
 423   -11.730    31.570     5.605  260   -1  402  314
 424   -43.317    32.734   -15.914  230   -1  374  282
 425    21.481    -0.714     7.144  730   -1 1018  972
 426    26.348   -26.923     8.361 1145   -1 1502 1453
 427    48.773    -5.054   -20.660  838  756 1052   -1
 428   -26.509   -15.227   -14.650  984  891 1293   -1
 429   -52.783    21.800   -20.159  358  345   -1  459
 430    30.720    21.985    -4.207  378   -1  573  477
 431   -15.859   -15.866     1.555  991  887 1329   -1
 432     6.066   -32.638     1.699   -1 1074 1637 1536
 433    10.753    20.646     4.654  398  380  607   -1
 434   -49.743    43.618    14.707   -1   74  185  122
 435   -23.273     9.644    18.552   -1  516  853  747
 436    24.366    -9.816    12.280  896  795   -1 1180
 437    39.063    38.515     0.107  161   -1  237  184
 438   -28.768   -22.300    12.307 1067  948 1453   -1
 439    10.749    -3.274     5.296  770   -1 1082 1008
 440   -48.577   -21.822    -6.162 1065  957 1425   -1
 441    -5.731    25.520    -8.668  329   -1  504  413
 442   -60.527   -12.236    12.644   -1  816 1316 1213
 443     0.435     6.105     7.986  611   -1  888  800
 444   -50.028    27.987     8.792   -1  271  501  378
 445   -51.810   -24.391    -2.520 1106  979 1477   -1
 446     9.884    23.247     8.479  348  339  554   -1
 447   -12.668   -15.922     4.066  986   -1 1342 1276
 448    -5.530   -19.549    -3.156 1046  932   -1 1325
 449    -7.288   -26.122     1.395 1131   -1 1498 1428
 450    13.221     1.020   -19.438  711  670  938   -1
 451   -24.047     4.456     6.059  637   -1  934  835
 452     3.954    10.233    13.677  551   -1  830  730
 453   -22.666    25.794     4.558  320   -1  531  418
 454   -32.080    -6.735   -20.178  840  769   -1 1021
 455   -59.574     7.729   -12.293  574  558  860   -1
 456   -19.090    12.158     0.515  514   -1  796  674
 457   -21.672    38.769    10.105  154  133   -1  189
 458    22.563    -5.492    -6.414  828   -1 1091 1039
 459    29.772   -13.476     5.289  961   -1 1273 1249
 460   -33.006    17.210    11.618  429  411   -1  584
 461    20.117    -3.819   -11.808   -1  731 1060  991
 462    -1.708   -21.091     5.773 1064  944   -1 1357
 463    -8.371   -23.891    12.323 1099   -1 1462 1408
 464    14.254   -10.032     8.767  892   -1 1228 1173
 465    -1.715    26.486   -15.978   -1  303  484  379
 466   -61.956    39.633    11.617  141   -1  259  179
 467    22.558    -8.901     5.632  882   -1 1192 1147
 468   -26.482    28.513   -11.766  286   -1  451  352
 469    10.791   -16.096    16.543  994  881 1350   -1
 470    -1.123    48.285     4.124   61   -1   99   64
 471    53.831    27.360     6.442   -1  305  466  383
 472   -19.074    -2.835    17.098  746   -1 1108 1015
 473    -2.713    27.686     2.876  305   -1  480  371
 474     2.617     8.594   -12.951  584  553   -1  720
 475   -60.635    47.169    -9.918   63   -1  122   77
 476    50.888     2.332    12.830  690   -1  948  910
 477    -5.237   -20.370   -18.990 1072   -1 1366 1316
 478     9.464     7.365     7.232  593   -1  864  771
 479    38.733    13.519    11.771  505   -1  752  670
 480    12.026    -4.469     7.890  795   -1 1111 1037
 481     5.340    38.444    14.909  168   -1  264  197
 482    38.875    -6.028    10.406  835   -1 1125 1100
 483    55.544    10.160     7.871   -1  533  809  729
 484    27.128     3.816     5.494  659   -1  917  860
 485   -21.297   -18.514   -10.025   -1  924 1361 1297
 486   -35.634    -3.583    12.472  753  695   -1 1011
 487    24.461     1.550     8.525  701   -1  970  918
 488   -26.184     4.953    19.705  616   -1  949  851
 489   -50.435     1.171     8.607  677  639   -1  911
 490    11.214    12.049    -7.899  520   -1  759  671
 491   -64.373    46.338     0.813   74   41   -1   88
 492   -25.393    -3.541    -4.395  760  709 1092   -1
 493    49.750   -19.115     6.543 1051   -1 1358 1347
 494    -9.789    -7.892    16.767  846   -1 1217 1135
 495    10.785   -29.213     6.889   -1 1002 1539 1474
 496    28.313   -28.723    11.033 1156   -1 1531 1478
 497   -49.383    26.086     2.216   -1  295  529  414
 498    14.499    -7.610    -0.539  857  774 1151   -1
 499   -62.074   -12.041    -1.574   -1  825 1282 1177
 500    14.594    -2.832     2.468  762   -1 1065  996
 501   -32.201    53.286    14.994   21   13   40   -1
 502    36.630    27.166   -11.514   -1  309  457  365
 503   -16.908     3.255    -5.256  660   -1  931  846
 504   -56.988    37.199   -15.268  164  135   -1  210
 505    44.970    53.286    -4.878   13   19   16   -1
 506   -28.078   -19.221    11.146 1026   -1 1407 1335
 507    49.090   -18.501     4.919 1048  915   -1 1333
 508   -11.390     2.496    -1.029  672  632  952   -1
 509   -15.674     3.888   -11.890  650  613  913   -1
 510   -30.530   -27.049   -11.848 1143   -1 1499 1407
 511   -17.908    -3.660     7.929  761  701   -1 1010
 512    15.804    26.534    -5.850  311   -1  483  392
 513    37.176    28.811    -2.707   -1  285  426  350
 514     4.280   -32.286     3.531 1209 1057 1643   -1
 515    13.285     5.354     4.726  631  590  895   -1
 516   -26.473   -12.734     2.344  922  833   -1 1210
 517   -59.298     3.357    -4.787  642  611   -1  837
 518    34.961    26.283     3.103  327  311  497   -1
 519   -49.041    -6.964    -0.202  821  759 1190   -1
 520    21.502     1.229    10.223  698   -1  982  924
 521     4.197   -17.363     9.624   -1  904 1362 1318
 522    -9.556    22.617     7.044  357   -1  586  480
 523   -19.010    50.663    12.035   40   -1   74   34
 524    -2.901    -1.069   -12.326  737  685   -1  927
 525   -17.364    23.104     1.505   -1  335  569  458
 526   -28.907   -23.510    16.219 1090   -1 1488 1403
 527   -57.415    -7.173    19.859  812   -1 1238 1119
 528   -31.458     5.016    -5.301   -1  594  910  795
 529    -9.815   -31.888    -1.088 1193   -1 1612 1500
 530     9.790    21.722    14.156  382  366   -1  512
 531    10.416    -9.156   -10.954   -1  804 1165 1112
 532    17.423    -2.204    13.452  747  691 1066   -1
 533    25.022    24.940     3.442  334   -1  519  433
 534     9.005     9.221    -4.886  572  539   -1  722
 535    23.067   -23.399    19.107 1098  959 1451   -1
 536     7.516    -9.243    16.076  869  789   -1 1170
 537   -29.241    42.301     2.827  113   91   -1  138
 538   -12.927    12.003     3.119   -1  487  798  690
 539   -10.237   -14.318   -15.644  974  879 1274   -1
 540   -31.974   -17.474   -19.429 1021  917   -1 1259
 541    -6.259    38.120    -6.375  162   -1  263  185
 542   -20.701    12.400    15.789  508  478   -1  695
 543   -13.914    15.794    12.982  455   -1  735  622
 544    -4.585    23.572   -12.802  341  332   -1  444
 545   -17.622    37.193   -10.275   -1  147  277  207
 546   -49.267    14.286    11.501   -1  447  781  647
 547    -2.811    -5.304    -1.137  809  744   -1 1026
 548   -17.969    33.647   -19.935  223  199   -1  249
 549    13.864     0.961   -11.068   -1  664  965  888
 550    -0.365    16.339    13.330  454  431  712   -1
 551   -41.272   -12.276   -13.137   -1  835   -1 1157
 552   -20.517    11.182   -18.862  532  505   -1   -1
 553    28.734    43.425    -9.417   -1   -1  153  105
 554   -20.838   -28.362     9.378   -1   -1 1554 1465
 555    24.298    18.926     9.174   -1   -1  653  561
 556   -43.423   -30.958    -2.120 1166 1034   -1   -1
 557   -52.992    18.110   -19.975  417  401   -1   -1
 558   -50.081    22.564    11.518   -1  333  612   -1
 559    16.563    40.612     2.291   -1   -1  204  148
 560   -42.211    48.032    -0.319   56   35   -1   -1
 561   -46.584    49.978    12.454   44   -1   -1   50
 562    25.167   -15.079    18.359   -1   -1 1321 1306
 563    36.966    20.589   -14.202  402   -1   -1  498
 564   -63.098    33.175    11.318  231   -1   -1  296
 565    16.327   -26.835     2.839   -1  992   -1 1440
 566     4.067    36.838     8.821  187  163   -1   -1
 567    14.788   -16.795    19.405 1007   -1 1364   -1
 568   -31.697    31.080    -0.916  263   -1   -1  319
 569    -1.687   -19.201   -14.590   -1  936   -1 1309
 570   -49.802    29.708    10.028   -1  251  461   -1
 571    -6.066    14.746    12.222  476  450   -1   -1
 572   -31.016    -5.943    12.594  804   -1 1179   -1
 573   -38.324    -7.577     0.921   -1  766   -1 1088
 574    25.346     3.441     8.652   -1   -1  932  873
 575    27.948    39.559     8.665   -1   -1  224  164
 576    17.785   -16.999    17.093 1012  897   -1   -1
 577    25.658   -33.195     4.276   -1   -1 1639 1568
 578    16.883    30.764    14.204  277  257   -1   -1
 579   -33.683   -11.071    15.167  887  807   -1   -1
 580     2.245    35.227    10.375  212  184   -1   -1
 581   -39.471   -13.732    19.241  923   -1 1347   -1
 582   -20.118     7.980    -4.060   -1  557   -1  744
 583    36.320    44.624     5.920   -1   88  144   -1
 584    12.021   -17.901   -18.877 1039   -1   -1 1277
 585   -13.346    31.183    11.397  268  241   -1   -1
 586   -63.644    25.820    10.321  314   -1   -1  425
 587   -61.258    24.578     9.106  330   -1   -1  445
 588   -28.797    -8.968     3.560  859  785   -1   -1
 589    13.041    34.289     2.371  222  203   -1   -1
 590    55.974    38.250     4.965   -1   -1  244  187
 591    36.430    38.660    -9.531   -1   -1  225  172
 592     8.989    20.132    12.791  407  387   -1   -1
 593    17.394    -7.444     1.731  852   -1 1155   -1
 594   -25.878    18.175    25.387  421   -1  709   -1
 595    -8.978    -8.100     5.937   -1   -1 1195 1120
 596    30.784   -16.275     2.119 1015  901   -1   -1
 597    40.853    52.734   -22.679    9   -1   20   -1
 598   -24.733    -4.215    19.732   -1   -1 1150 1050
 599    -7.906    -3.212   -21.969   -1  721   -1  963
 600     9.614     4.753     5.002  640   -1   -1  830
 601   -13.447    11.165    13.803  531   -1  823   -1
 602    23.080   -19.065     7.832   -1   -1 1372 1341
 603    15.857    10.425   -17.078  553  532   -1   -1
 604   -12.611    32.702    -3.947  238  213   -1   -1
 605   -21.855     9.974     8.175   -1   -1  838  721
 606   -15.295     5.694    17.868   -1   -1  925  824
 607   -43.199   -25.174   -20.683   -1   -1 1444 1370
 608    -8.508    13.807    11.396   -1   -1  765  657
 609   -37.889    13.839     4.683   -1   -1  771  644
 610    33.515    -4.096    -1.861  803   -1 1071   -1
 611     6.437    34.580    26.774   -1  197   -1  274
 612   -60.669    12.798   -12.522  488   -1   -1  640
 613     3.738   -29.851    -3.234 1169   -1   -1 1469
 614   -60.683    34.272    15.992   -1  173  379   -1
 615   -59.161    19.029    -6.350  409   -1   -1  541
 616    36.500    14.259    -3.065   -1   -1  720  633
 617   -16.897    23.694    -3.113   -1  328  548   -1
 618   -18.985    19.985    -6.992  397   -1   -1  522
 619   -16.123    22.853     6.834  350   -1   -1  475
 620    16.175    28.620   -18.937  293   -1  422   -1
 621    14.789    23.416    12.329   -1   -1  555  464
 622   -64.238    35.266   -14.871  192  154   -1   -1
 623    27.886    45.465   -20.318   79   68   -1   -1
 624    14.536    20.101    -2.567  408   -1   -1  525
 625   -29.596    31.773    15.072  258  224   -1   -1
 626   -64.222   -20.519     4.084 1037   -1   -1 1334
 627    -7.955    33.454    11.888  234  207   -1   -1
 628   -50.231   -24.531    14.141   -1  972 1525   -1
 629   -30.523    36.633    11.083  186  150   -1   -1
 630   -49.395   -14.607     3.661   -1   -1 1334 1251
 631   -43.923   -24.433    -5.650   -1   -1 1459 1385
 632   -50.005     4.788    11.182   -1  586  953   -1
 633   -10.898    10.574    14.193  541  506   -1   -1
 634   -11.172   -24.167    21.912 1097   -1 1510   -1
 635   -37.171    22.777     9.447   -1   -1  594  482
 636   -63.023    -8.078     1.731  841   -1   -1 1096
 637   -10.104    31.857    26.053   -1  233   -1  329
 638   -64.964    -2.918     3.583  740   -1   -1  988
 639   -17.573    18.120    11.098   -1   -1  686  571
 640   -28.249    -4.347     4.641  777  716   -1   -1
 641   -45.311   -30.192     5.360   -1   -1 1634 1471
 642   -52.952   -15.045   -19.717   -1  889 1300   -1
 643    40.402    41.679   -13.632  122   -1  176   -1
 644   -50.188     1.541    14.040   -1  630   -1  914
 645   -37.990    47.617     3.482   -1   -1  119   76
 646    -4.143   -15.842   -13.990 1006   -1 1295   -1
 647   -30.217    35.187   -10.794  197  169   -1   -1
 648    34.690    -2.050   -21.911  768   -1   -1  941
 649    19.564    34.475     2.815   -1  202  330   -1
 650    53.023    37.729     5.170   -1   -1  256  199
 651   -29.703    51.225     8.029   -1   21   66   -1
 652    -5.890    42.766    -2.078  110   -1   -1  121
 653   -17.013   -16.938    17.498   -1  892 1375   -1
 654    51.770    49.331    10.189   -1   49   80   -1
 655   -49.304     9.275    11.164   -1  524  861   -1
 656    54.401    50.753     3.767   -1   -1   55   14
 657     8.632     7.787    -1.709   -1  561   -1  754
 658   -31.026    12.364     8.490   -1   -1  804  684
 659   -36.963   -10.388    14.934  877  797   -1   -1
 660    29.653    57.691    -9.650   -1    4    3   -1
 661    30.589   -27.640     5.873   -1   -1 1509 1463
 662    39.997    24.644    16.337  338   -1   -1  449
 663    39.150    11.609    10.403  540   -1   -1  701
 664    36.822    -3.750   -12.898  800   -1   -1  995
 665   -17.559    12.562    18.173  506   -1   -1  692
 666    40.549     8.421   -14.176  589   -1  812   -1
 667   -16.600     0.073    15.618  707   -1   -1  960
 668   -48.880     8.408   -19.139   -1  551   -1  709
 669   -44.834   -17.851   -12.514   -1   -1 1356 1275
 670   -37.465   -13.275    -6.766   -1  847 1283   -1
 671    -8.740   -35.974    -8.848   -1 1105 1666   -1
 672   -65.509    -9.712    -3.485  862   -1   -1 1124
 673   -49.961   -10.798     8.844   -1  803 1277   -1
 674     9.488    45.800     9.053   84   66   -1   -1
 675   -52.466    -4.502   -16.042   -1  732   -1  987
 676   -51.533    -7.665   -15.431  844   -1 1167   -1
 677     8.620     0.953    -9.960   -1  665   -1  891
 678    37.040    31.962    -4.023   -1   -1  369  299
 679    26.364    24.591     8.585   -1   -1  532  442
 680    -6.206    17.187     8.174   -1   -1  691  582
 681   -32.554   -21.834    18.232 1056  940   -1   -1
 682   -49.503   -21.618     5.821   -1  945 1442   -1
 683    19.823   -11.013    17.873  904   -1   -1 1226
 684   -36.608    22.349    17.190   -1   -1  616  500
 685    16.330    -7.047    20.364   -1  754   -1 1130
 686    37.099   -22.259    -3.018   -1   -1 1395 1376
 687   -48.998    15.982    13.906   -1   -1  749  617
 688    25.283    22.434     9.200  372  363   -1   -1
 689   -47.288    28.694   -19.241   -1   -1  449  341
 690    23.345    41.306     6.935   -1   -1  199  145
 691   -44.788    51.126    17.431   -1   20   -1   31
 692     2.425    20.455     5.508   -1   -1  625  527
 693   -22.975    11.097     6.966  529   -1  820   -1
 694   -55.990    39.422     2.328   -1  115  254   -1
 695   -20.203   -27.611   -18.504   -1   -1 1481 1406
 696    -2.439   -14.598     3.434   -1  868 1303   -1
 697     4.840    -1.028    14.971  727  680   -1   -1
 698    26.950    18.691    -2.635  423   -1   -1  549
 699   -25.713    40.780   -20.785   -1  101   -1  142
 700   -37.241    22.912    14.216  345  331   -1   -1
 701   -21.664   -23.094    19.420   -1  951 1486   -1
 702    40.461    20.356    19.581   -1   -1  627  547
 703   -16.608   -15.499   -20.132  999   -1 1286   -1
 704   -56.229    49.806    12.349   47   -1   93   -1
 705    49.338   -14.943     5.776   -1  877   -1 1282
 706   -27.081     7.259    12.318   -1   -1  885  774
 707    23.594     9.104     9.514   -1   -1  835  746
 708   -59.878    37.934    22.628   -1  134  311   -1
 709    56.101    14.374    17.017   -1   -1  732  658
 710   -35.372   -17.621     9.634   -1   -1 1385 1314
 711    -8.310   -30.122   -11.818   -1   -1 1530 1458
 712   -19.588    -1.877     9.823  735   -1   -1  985
 713    -9.160     6.252    13.007  601  572   -1   -1
 714   -49.226    19.758     8.980   -1  377  669   -1
 715   -53.283   -23.781     6.549   -1   -1 1495 1394
 716   -52.100    10.630   -13.455   -1  503   -1  687
 717    17.586   -12.577     4.392   -1  836 1259   -1
 718    -2.465    29.502   -18.887  280   -1   -1  331
 719    32.456   -28.170    21.804 1149   -1   -1 1491
 720    14.495     2.766   -20.737  683   -1   -1  826
 721    46.160    34.616     8.478  227   -1   -1  250
 722     2.857    32.277    10.825  255  230   -1   -1
 723   -48.858    39.031     9.841   -1   -1  274  186
 724    -2.272     3.775    -6.391  653  615   -1   -1
 725   -57.217    19.230     4.810  405  382   -1   -1
 726   -28.618     7.750    10.134   -1   -1  875  762
 727    14.282   -20.401   -13.300   -1   -1 1365 1327
 728   -48.852    41.195     0.129   -1   -1  210  147
 729    -5.163    46.622   -35.896   59   -1  106   -1
 730   -26.884     3.363   -20.523  655  624   -1   -1
 731   -47.006    35.096   -16.928   -1   -1  328  235
 732   -64.332    -0.666    -2.882  710   -1   -1  929
 733    38.668    31.360    10.540   -1   -1  389  320
 734   -58.076    12.654     2.909   -1  468  808   -1
 735   -22.468    -6.833     9.580   -1   -1 1188 1094
 736   -43.264    44.218   -10.127   88   62   -1   -1
 737    53.582    52.889     9.220   -1   23   26   -1
 738   -19.268    21.463   -13.897  374  368   -1   -1
 739   -13.174   -17.767    10.700 1017   -1   -1 1320
 740    50.331   -33.816   -16.854   -1 1098 1538   -1
 741   -37.579   -27.133   -15.535 1142  999   -1   -1
 742    33.216   -25.019    16.464 1128   -1   -1 1441
 743     5.167   -21.136   -13.964 1082  952   -1   -1
 744   -27.275    32.349     7.788   -1  216  395   -1
 745    38.034   -10.002    -9.305   -1   -1 1170 1144
 746   -38.448   -19.300    -0.018   -1  922   -1 1321
 747    37.656    33.992     0.929   -1   -1  329  263
 748    38.424    51.177    12.985   -1   -1   56   13
 749    28.785   -21.630    -5.458   -1  955 1386   -1
 750   -53.070    42.450    21.188   -1   87  205   -1
 751   -61.025    -4.846   -17.738  784  736   -1   -1
 752    46.848    10.207   -13.901  566   -1  780   -1
 753    -9.826   -18.566    -4.566 1034   -1   -1 1312
 754   -26.496    15.528    22.150   -1  434   -1  639
 755   -30.498    22.519   -13.930  349  342   -1   -1
 756   -36.092    -8.576     1.193   -1   -1 1215 1115
 757    26.465   -11.814     8.467  924   -1   -1 1223
 758   -20.653    36.309    15.300  195   -1   -1  236
 759    14.171   -24.621     7.861 1122   -1   -1 1419
 760    23.113    49.537     6.978   -1   -1   83   41
 761    -3.571     2.152    21.140  673  626   -1   -1
 762    35.946    11.195    -3.364   -1   -1  777  694
 763   -62.111    24.867    11.028   -1  307  562   -1
 764   -58.532    -1.324   -11.010  722   -1 1056   -1
 765    -7.639    47.728     8.334   -1   -1  109   70
 766   -33.123   -11.679     5.129   -1  817 1275   -1
 767   -11.778   -19.084    -7.578   -1  930   -1 1315
 768   -44.550   -33.531     7.563 1198   -1   -1 1555
 769    55.480    -5.957     3.791   -1   -1 1103 1077
 770   -28.384    47.395   -14.458   60   -1  107   -1
 771   -35.366    28.153     8.058   -1   -1  486  374
 772    38.086    17.695    -1.755   -1   -1  657  568
 773   -48.207   -24.835     3.154   -1   -1 1506 1397
 774    13.176     0.002    20.934   -1   -1 1040  979
 775    55.349    18.220     4.165   -1   -1  650  566
 776    39.599    11.134    21.036   -1  508   -1  724
 777    35.991    16.962   -20.963  449   -1   -1  562
 778   -51.520    11.857   -17.688   -1  488   -1  654
 779   -55.402    17.836    -9.413  419  403   -1   -1
 780    38.902    17.091     5.744   -1   -1  678  581
 781   -27.162   -28.318    -1.424   -1   -1 1533 1442
 782    -1.456    30.891    12.889  274  249   -1   -1
 783    29.577   -32.803   -14.424   -1 1091 1547   -1
 784   -56.841   -14.475   -20.091   -1  882 1290   -1
 785    37.638     2.054    -5.900   -1   -1  927  878
 786   -52.188   -10.683    -9.517   -1  811 1250   -1
 787    38.656    25.669    11.379   -1  319   -1  426
 788    51.076   -10.191     7.850   -1   -1 1204 1187
 789   -17.690    18.182    15.659  422  402   -1   -1
 790    39.229    12.482    15.111  523   -1  773   -1
 791   -47.707   -25.180   -17.410   -1   -1 1452 1374
 792    34.883    -7.795   -19.623  875   -1   -1 1067
 793   -50.603    -4.943   -20.658  791  743   -1   -1
 794   -32.655    36.300   -20.929  174   -1   -1  220
 795   -48.052     0.418   -13.215   -1   -1 1006  884
 796   -16.182    17.113     6.997   -1   -1  696  583
 797    -1.057    49.591    10.668   52   33   -1   -1
 798    37.077   -13.709    -2.624   -1   -1 1260 1243
 799    -9.690    52.090     8.547   -1   -1   47    6
 800   -21.429   -21.075   -20.724   -1   -1 1377 1319
 801   -35.133    45.149    13.243   91   60   -1   -1
 802   -13.712   -31.024     3.377   -1 1024 1613   -1
 803   -61.912     3.418     9.851   -1   -1  985  863
 804    51.916    20.804   -18.558   -1  391   -1  489
 805   -57.415   -18.551     0.194 1020   -1   -1 1310
 806    -1.911    44.103    12.487  101   -1   -1  112
 807    36.241    45.441   -11.223   -1   79  124   -1
 808    45.475   -13.966     9.112  975   -1   -1 1268
 809   -19.692     2.653     8.568   -1   -1  972  879
 810    10.005    16.820   -17.650  446   -1   -1  564
 811    45.095    10.059     8.508  568   -1   -1  727
 812   -60.857    44.160   -10.650   89   59   -1   -1
 813     0.960    10.622     7.207   -1  512   -1  707
 814    18.940    23.726     9.626   -1   -1  546  452
 815    37.098   -23.115   -19.049 1129   -1   -1 1362
 816   -38.516    -9.100    12.293   -1   -1 1252 1149
 817   -59.483    10.589   -10.652  527  501   -1   -1
 818   -48.850    52.203     1.279   -1   -1   51    7
 819    16.085    -4.491    -9.372  806   -1   -1 1009
 820   -26.658     3.486    11.457   -1   -1  969  868
 821   -30.302     9.723     3.246   -1  525  839   -1
 822   -40.780    28.714    10.188   -1   -1  477  366
 823   -14.675    29.845     6.445   -1   -1  439  343
 824   -40.200    15.434    -8.275   -1  438   -1  595
 825   -44.095   -28.070    -9.023   -1 1004   -1 1427
 826   -52.666    12.089   -19.117   -1  486   -1  648
 827    56.471    11.482    17.048   -1   -1  795  710
 828   -40.011   -18.034    -6.301 1022   -1   -1 1293
 829   -18.468     2.145   -23.659  684   -1  929   -1
 830   -51.942   -18.498   -15.290   -1  925   -1 1278
 831   -49.872    29.187    12.636   -1  256  479   -1
 832   -18.049    15.690     5.184  459   -1  724   -1
 833    10.488    16.940    11.087  445   -1   -1  589
 834    44.265   -36.767    -0.447   -1 1107 1663   -1
 835    46.656   -10.249     7.558  909   -1   -1 1184
 836   -60.272    -5.551    17.440   -1  726   -1 1069
 837   -27.852    -3.471     0.448   -1   -1 1097  997
 838    38.631    18.044    21.487  439  417   -1   -1
 839     3.613   -26.583    -8.626   -1   -1 1458 1420
 840    -6.297     1.544   -21.242   -1  657   -1  855
 841    12.179   -15.444    21.070   -1  869   -1 1311
 842    16.719    -9.705     6.894   -1   -1 1216 1158
 843    47.232     5.129   -12.472   -1  610   -1  789
 844     1.823    -7.796    11.985  848  772   -1   -1
 845     0.521    -4.740     9.709  797   -1   -1 1045
 846     3.164    48.644     5.601   -1   -1   94   59
 847     4.535    49.781    13.382   -1   -1   86   44
 848    28.377   -13.629     4.069   -1  852   -1 1252
 849   -58.979     2.084    -0.397   -1  627  998   -1
 850    13.203    53.944     0.138   -1   14   15   -1
 851    17.042    53.465    -8.254    7   -1   18   -1
 852     9.232    43.207     8.583  111   94   -1   -1
 853    20.946   -17.019    -6.843   -1  912   -1 1292
 854    40.481     3.302   -17.612  679   -1  879   -1
 855    53.429     4.013     1.965   -1  620  890   -1
 856   -19.506   -16.740   -11.681   -1  908   -1 1262
 857    56.538    -6.390    20.080   -1   -1 1142 1127
 858   -10.568    -9.917    -4.114  888   -1 1214   -1
 859   -43.230   -29.216     8.635   -1   -1 1620 1468
 860     0.208     6.688     4.133  599  571   -1   -1
 861     4.269   -17.711   -18.302 1033  921   -1   -1
 862   -34.868    19.548    11.963   -1   -1  667  550
 863    19.443    32.135   -24.603  245   -1  349   -1
 864   -14.590    -9.978   -19.741   -1  813   -1 1107
 865   -37.954    22.032    -4.615  356  347   -1   -1
 866   -49.705    47.314     8.788   -1   38  125   -1
 867   -39.553    53.112    10.084   19   12   -1   -1
 868    -6.544   -10.150   -21.679  902   -1 1183   -1
 869    -8.501    16.148    11.340  451  433   -1   -1
 870   -62.157     9.132   -13.750  554  530   -1   -1
 871   -34.398    52.434     8.332   -1   -1   46    5
 872     9.966   -20.688   -12.958   -1  949 1370   -1
 873   -21.730    41.065     8.939   -1   -1  212  150
 874    42.868    38.835    -0.033  158  145   -1   -1
 875    15.366   -12.828     6.661  937   -1   -1 1240
 876   -30.720    28.425     5.105   -1   -1  478  364
 877    17.876    11.051    21.711   -1  502   -1  725
 878    -4.771   -18.193   -13.214 1035   -1 1341   -1
 879   -28.851    33.603     0.966  228  194   -1   -1
 880   -29.943   -18.775    10.816   -1   -1 1403 1332
 881    25.725    35.207     7.971  214  192   -1   -1
 882   -60.594     1.380     9.225   -1   -1 1035  906
 883    38.898    13.990    13.921  495   -1  744   -1
 884    50.595    -8.134    -2.918  883   -1   -1 1117
 885     5.311    47.405   -16.191   62   47   -1   -1
 886    25.108   -30.619     3.631 1181   -1 1550   -1
 887   -60.697    47.150    15.251   -1   37  131   -1
 888    24.881    50.374    12.070   -1   -1   75   25
 889   -42.488   -15.914   -18.366   -1   -1 1310 1236
 890   -26.821     9.217    -9.971  560   -1  832   -1
 891   -50.113   -18.776    14.538   -1  911 1417   -1
 892    22.470    21.062   -16.737   -1   -1  577  486
 893   -52.226    10.166   -19.016   -1  521   -1  686
 894    34.064   -10.640    14.482   -1  810 1234   -1
 895   -21.619    39.515   -14.073   -1  121   -1  161
 896    57.343    16.198    16.245   -1  446  693   -1
 897     7.575     6.585   -18.315  606  583   -1   -1
 898   -31.273   -13.316     0.837   -1  843   -1 1225
 899    18.836    31.333    12.352   -1  248  406   -1
 900   -25.266    22.465    10.733   -1   -1  596  491
 901    20.551     4.438    -8.727  649   -1   -1  810
 902   -56.727    30.704    14.864   -1  234  446   -1
 903    38.762    22.088     0.761   -1   -1  557  488
 904    35.490     2.319   -19.304   -1   -1  905  847
 905     4.537   -12.885    -0.741   -1  840 1266   -1
 906     7.924     5.072    12.702  633   -1   -1  838
 907   -20.211     5.246    -3.332  621  592   -1   -1
 908   -39.656    20.189    10.621   -1   -1  662  539
 909   -28.336    -1.981    15.871  731  684   -1   -1
 910   -56.611    29.399    -9.296   -1  255  447   -1
 911    39.989     2.339    -4.731  694   -1  922   -1
 912     5.541   -21.374    -0.455   -1   -1 1401 1361
 913   -46.753    43.120   -16.120   -1   -1  177  116
 914    29.159    12.265   -18.247  526  497   -1   -1
 915   -15.998    -1.336    14.897  724  681   -1   -1
 916     2.157    23.448    17.386   -1  334  579   -1
 917   -61.762     9.173    10.695   -1   -1  866  741
 918   -63.872    19.218    -0.355  404   -1   -1  543
 919   -59.308    48.378    11.147   -1   30  117   -1
 920    51.938     7.775     7.612   -1   -1  842  768
 921     0.761     2.814     7.106   -1  625   -1  877
 922   -59.486    37.903    -4.505   -1  132  290   -1
 923   -23.316    18.295   -13.296  420   -1   -1  546
 924   -49.346    19.464     3.897   -1   -1  668  544
 925   -15.999    24.127   -19.850  333  325   -1   -1
 926    47.704    20.230     8.079  412   -1   -1  536
 927   -30.674    45.978    23.022   86   -1  146   -1
 928    25.038    45.018     8.561   -1   -1  138   97
 929    39.154   -19.300     8.700 1052   -1   -1 1349
 930   -18.975     2.496    18.995   -1  618   -1  905
 931    27.535    -4.835    -4.818   -1   -1 1087 1018
 932   -14.183     9.092   -22.765   -1  549   -1  700
 933    54.044     5.344     4.784   -1   -1  873  817
 934   -19.598    18.506     8.493   -1   -1  677  565
 935    -8.247     5.016     6.819  627   -1   -1  818
 936    -1.539    12.236   -21.315  515  494   -1   -1
 937   -26.674    46.605    35.147   85   -1  137   -1
 938    45.944   -32.405   -10.472   -1 1085 1537   -1
 939     7.559   -34.816   -13.057 1225   -1 1645   -1
 940    -2.435    -2.612   -21.507  764   -1   -1  945
 941   -64.569   -22.445    12.474 1058   -1   -1 1378
 942     7.674    17.849    14.273  427  414   -1   -1
 943   -52.234   -16.766   -10.914  998  906   -1   -1
 944    20.211    34.989    21.202  220   -1   -1  257
 945   -57.534   -23.675     0.387 1085   -1   -1 1383
 946   -28.746    12.778    -3.784   -1   -1  776  656
 947    -1.829    45.460   -12.823   -1   -1  129   89
 948   -25.928    38.731    -8.361  149   -1   -1  178
 949    28.688    47.303    -9.884   -1   52  103   -1
 950    41.896   -32.079     8.309 1214   -1 1584   -1
 951    19.596   -13.782    21.966  949   -1 1307   -1
 952   -27.560    -4.345   -16.543  790   -1 1086   -1
 953   -42.783    12.943   -16.761   -1  472  761   -1
 954    37.165    14.934    -7.614   -1   -1  700  614
 955    24.053   -12.934   -13.528  960   -1   -1 1197
 956    11.021     2.316    22.458  676   -1  986   -1
 957    48.029    -8.064    20.725   -1   -1 1186 1165
 958    36.339    49.876    -0.909   49   -1   -1   29
 959     2.022   -33.307    13.286 1212   -1 1661   -1
 960    20.780    -9.934    14.382  891   -1 1231   -1
 961     3.935   -22.626   -20.645   -1  977 1390   -1
 962    21.965   -18.924     4.484 1041  920   -1   -1
 963    52.096    -9.369    -7.025   -1  805 1158   -1
 964    -5.063    32.421    12.809  253   -1   -1  302
 965   -61.857     3.283    16.465  638   -1 1012   -1
 966   -62.606    -8.470    17.247  837  767   -1   -1
 967   -51.575     8.229    -7.148   -1  547  856   -1
 968    27.959     7.113    -3.099   -1  573   -1  764
 969    22.219     7.468     9.268  592  564   -1   -1
 970    49.679    -2.164   -14.290  774   -1   -1  967
 971    13.244     5.798     9.090  617   -1   -1  812
 972   -31.448    31.153   -17.108   -1   -1  394  303
 973    24.272    52.776    -8.717   17   -1   25   -1
 974   -22.433    11.987    22.892   -1  483   -1  706
 975    34.136     2.383    13.137   -1  634  963   -1
 976   -13.599    13.914   -18.615  484  469   -1   -1
 977   -38.572    44.549     5.935   -1   -1  162  108
 978     7.990    41.868   -16.348   -1   98  184   -1
 979    39.124    26.650     8.261   -1  310  490   -1
 980   -27.309    -7.639    15.351  836  763   -1   -1
 981   -40.283   -30.968    -7.698   -1 1042   -1 1466
 982    22.892   -21.952    11.276 1081   -1 1418   -1
 983    41.925    42.318    18.951  126  113   -1   -1
 984   -30.905   -14.728   -16.669   -1  886   -1 1216
 985     3.349     8.429     3.651  583   -1   -1  750
 986    23.792   -10.635    -4.656  911   -1 1208   -1
 987   -31.495    20.684     6.999   -1   -1  646  520
 988   -11.649    -1.419     1.601  733   -1 1051   -1
 989   -37.862    14.138     0.778   -1   -1  758  634
 990    16.713    12.793    -9.972  511   -1  750   -1
 991   -18.231    20.918    -3.745  387  371   -1   -1
 992   -27.753    -4.157    17.906   -1  697 1152   -1
 993   -33.092    13.491   -17.706   -1   -1  743  629
 994   -41.255   -14.324    -5.278  953  862   -1   -1
 995     0.146    28.859    -5.366   -1   -1  443  347
 996   -21.151    36.054    -3.562   -1   -1  317  230
 997   -52.026    28.475   -14.684   -1  264   -1  356
 998   -49.798    32.490    10.880   -1  208  401   -1
 999   -52.982   -30.831    19.836   -1 1011   -1 1509
1000    13.901   -15.836    13.317  992  884   -1   -1
1001   -19.920    20.246   -14.337  393   -1  613   -1
1002   -60.503   -11.374   -21.711  901   -1 1244   -1
1003    43.644    16.742    16.597  460   -1   -1  608
1004   -13.899   -13.849    -2.064  951   -1 1288   -1
1005   -62.115   -23.356     5.568 1078   -1   -1 1382
1006   -28.005    18.544    -2.056   -1  395   -1  556
1007   -46.859    -4.096    12.611   -1   -1 1143 1027
1008   -59.455    43.538    15.942   -1   73  193   -1
1009    34.247    20.643    17.638   -1  384  626   -1
1010     9.042    25.669    15.257   -1   -1  530  428
1011    37.281    35.134    -2.190   -1   -1  314  237
1012     3.414    16.670     1.656   -1  430   -1  585
1013   -56.827     9.208    19.711   -1   -1  874  753
1014    50.954    -3.529     0.618  798   -1 1053   -1
1015    39.952   -15.001    17.344  987   -1   -1 1305
1016    -0.343     0.530    16.002  705   -1 1021   -1
1017    22.892    -0.523    20.240   -1  674 1048   -1
1018     1.522    43.059     0.778   -1   -1  169  120
1019    50.146     4.525     6.070  656   -1   -1  843
1020   -22.830   -15.250    -6.087  980   -1 1311   -1
1021   -50.510   -23.769   -17.606   -1   -1 1434 1352
1022   -40.862    17.425    -3.405  425   -1   -1  567
1023    -8.045    11.848     0.031   -1  492   -1  683
1024   -12.124    17.239    20.697  437   -1   -1  601
1025   -50.199    47.577    -4.061   -1   -1  116   78
1026   -18.571    10.249    17.014   -1  513  841   -1
1027   -51.322    22.873    -9.389   -1  330   -1  451
1028   -59.836    31.367   -17.240  246   -1  399   -1
1029    11.642     2.263     6.007  681  637   -1   -1
1030   -56.928    -0.167     9.503   -1  661 1064   -1
1031   -19.177   -21.198     3.854 1062   -1 1416   -1
1032   -64.220    11.326   -11.207  518   -1   -1  666
1033     6.777    30.237    -8.132   -1  260   -1  328
1034   -57.460   -14.289    -7.528  945   -1 1312   -1
1035    22.087    -3.020    19.121  765   -1   -1 1024
1036    18.741   -29.967   -17.137   -1 1037   -1 1452
1037   -51.918    24.501    -9.893   -1  314  539   -1
1038   -31.985    34.248     0.868   -1   -1  355  258
1039     0.379    -1.216    19.489   -1   -1 1070  994
1040    -8.160    -9.178   -16.535  884   -1 1169   -1
1041     1.127    35.851    13.935  203   -1   -1  238
1042    41.748    47.410    -9.029   -1   56   -1   67
1043   -62.521     4.953    -0.105  614  582   -1   -1
1044   -55.774   -22.215    -1.914   -1  954 1441   -1
1045   -36.004   -14.579   -13.197  966   -1   -1 1214
1046    39.851    15.787    -3.177  472   -1  683   -1
1047    51.957   -40.604   -18.010   -1   -1 1671 1581
1048   -63.188   -21.633    -2.299 1054   -1   -1 1344
1049   -55.074    34.252   -21.014   -1   -1  339  240
1050   -57.185    52.363    16.984   -1   -1   54   17
1051   -52.844    -7.597   -19.074   -1  779 1162   -1
1052   -48.058     1.060    10.478  686   -1 1037   -1
1053   -55.561     1.842   -10.608   -1  635  979   -1
1054    29.798   -17.669    -2.976 1032  913   -1   -1
1055    18.503     5.296     5.947   -1  596   -1  816
1056   -51.912    31.669   -10.608   -1  212  405   -1
1057    18.825    32.924    19.337   -1  228  375   -1
1058    -9.582    22.329    -3.407   -1  350   -1  470
1059   -50.406     7.947   -20.341   -1  554   -1  717
1060    39.894   -36.005    14.146   -1 1095   -1 1579
1061    34.749   -20.962   -11.111 1089  953   -1   -1
1062    -6.970   -18.550   -20.473 1042   -1 1330   -1
1063   -28.828     5.392    -4.361  615   -1  903   -1
1064    21.647    26.368     9.602  325   -1  502   -1
1065   -44.221    47.049     0.626   -1   -1  126   80
1066   -13.600     8.632   -11.844  577  548   -1   -1
1067    21.534    -2.514    12.317  756   -1 1069   -1
1068    16.049     9.405    -5.848  569  542   -1   -1
1069   -48.333     8.101    19.073   -1  538  894   -1
1070   -58.088    31.994    11.212   -1   -1  413  315
1071     9.720    31.017    -3.949   -1  254  393   -1
1072    -1.207    17.566    -2.388  432   -1  671   -1
1073   -51.776    -0.281   -10.347   -1  671 1028   -1
1074   -23.196   -14.568    11.859  948   -1   -1 1265
1075   -42.501   -35.354   -12.015   -1   -1 1668 1535
1076    26.322    28.169    10.756   -1   -1  459  376
1077   -31.571    -6.459     5.057  822  747   -1   -1
1078   -14.833   -35.070   -19.360   -1 1102   -1 1517
1079    41.008   -21.380    -2.084   -1   -1 1381 1364
1080     2.993    -2.021   -21.443  751   -1 1013   -1
1081   -49.390    17.795     3.486   -1   -1  692  570
1082   -20.714    46.732     8.216   77   -1   -1   84
1083   -24.974    15.998    -2.709   -1   -1  716  588
1084   -47.153   -31.133   -16.315 1179 1058   -1   -1
1085    50.026    15.235     4.813  481   -1   -1  623
1086   -20.383   -17.114   -19.414 1024   -1 1318   -1
1087   -45.836     1.002    19.234   -1  638 1055   -1
1088    55.492    20.861    17.972   -1   -1  608  534
1089    19.952    17.424   -12.650  440   -1  663   -1
1090    -4.474    43.350     9.809  109   89   -1   -1
1091   -37.332    29.409    -4.267   -1  259   -1  340
1092    22.832    24.595    18.291   -1   -1  540  448
1093    14.258     8.889    20.209  576   -1   -1  760
1094   -58.712    17.591    -4.113   -1   -1  699  563
1095    43.891   -34.665    -3.493   -1 1093 1636   -1
1096    13.972   -15.656   -14.527 1011   -1   -1 1250
1097   -33.376   -10.695   -21.363   -1  824   -1 1113
1098   -27.857    15.990   -11.031  453   -1   -1  578
1099     2.850    14.173    -1.126  483  463   -1   -1
1100   -62.540    13.451   -20.753  480   -1   -1  625
1101   -17.765     6.626     4.616   -1  568   -1  776
1102   -53.219   -24.002    -4.191 1095   -1 1464   -1
1103    28.156   -25.317    -4.444 1132   -1 1437   -1
1104   -20.962    37.177    -1.238   -1  148  291   -1
1105    32.094    39.641   -12.223  138  138   -1   -1
1106   -10.045    28.432    10.731  295   -1   -1  372
1107    24.935    21.277   -17.894   -1   -1  553  484
1108    10.167    24.047     2.501  336   -1   -1  447
1109   -59.665   -12.034    13.628   -1  815 1313   -1
1110    17.694    -9.747    -1.204   -1  801 1201   -1
1111    25.815    13.374    16.224  497   -1   -1  680
1112     6.728     5.016     8.607   -1  597   -1  831
1113   -18.801   -26.162     8.033 1126  982   -1   -1
1114    -8.759    -4.022    -4.389   -1  723   -1 1003
1115   -35.360    25.539   -16.697   -1   -1  509  400
1116     1.910    -2.883    -6.010  759  702   -1   -1
1117   -57.255    21.161     4.658  379   -1  637   -1
1118   -19.166   -13.662   -15.868  954   -1 1264   -1
1119    49.011    -6.013    10.134  843   -1   -1 1093
1120   -54.174    45.410     6.706   -1   55  149   -1
1121    16.082    28.439    15.089   -1  283  462   -1
1122    37.673    40.251     0.417   -1   -1  201  152
1123    39.444    57.910   -13.449   -1    2    0   -1
1124   -40.281   -16.430    15.490   -1   -1 1373 1308
1125   -49.522    23.073     5.530   -1  326  593   -1
1126   -54.065    46.750    21.608   -1   44  142   -1
1127    17.855   -35.078    -9.082 1227   -1 1650   -1
1128    16.560    26.264     3.172  328   -1   -1  399
1129    25.726     6.368    16.695   -1   -1  884  809
1130    23.426    15.764    -9.562   -1   -1  681  591
1131    -0.413    38.800    -0.488  153  137   -1   -1
1132    11.571   -12.284    12.867  919   -1   -1 1244
1133    48.419    -2.041   -15.114  767   -1   -1  965
1134     4.396    37.464     0.389  169  152   -1   -1
1135   -60.895    35.400   -18.256  181  158   -1   -1
1136    41.449   -26.107     3.899 1140   -1 1456   -1
1137    40.187    40.098   -17.583   -1   -1  200  143
1138   -26.081    43.789     6.294  100   81   -1   -1
1139    -5.078    30.687   -17.475  265   -1   -1  311
1140   -48.228     4.609   -18.150   -1   -1  909  773
1141    30.419   -20.123     2.142 1063  938   -1   -1
1142    57.828    -8.225     1.726   -1  786 1147   -1
1143     8.836     1.047    -0.839  704   -1  973   -1
1144     5.230   -15.883     6.712 1001  885   -1   -1
1145    25.699    18.816   -18.672   -1  408   -1  533
1146    29.356    11.630   -18.007  535  519   -1   -1
1147   -30.159    29.081    12.913   -1  266  467   -1
1148    -4.625     2.755     9.645  667   -1   -1  880
1149   -16.983   -15.003     9.138   -1   -1 1325 1272
1150   -16.369    -1.256     7.573   -1   -1 1061  975
1151    17.233   -31.862     1.594   -1   -1 1573 1526
1152   -49.688    30.587     8.300   -1  242  431   -1
1153    13.045    22.555     8.898  368  352   -1   -1
1154   -19.604    -9.891     9.239   -1   -1 1248 1159
1155   -60.317    30.685    15.653  271  229   -1   -1
1156    30.640   -29.886     8.710   -1   -1 1541 1492
1157   -10.893    10.606    10.243   -1   -1  827  713
1158   -21.328    30.022     3.968   -1   -1  430  338
1159   -12.745     3.552    12.165  651   -1   -1  865
1160   -48.881    40.686    -1.764   -1   -1  216  154
1161    39.174    -3.555    10.646  788   -1   -1 1025
1162    37.820    -6.963    -9.608   -1   -1 1112 1070
1163   -21.813   -22.321    12.185 1073   -1   -1 1388
1164    19.955     3.193    16.041   -1   -1  950  894
1165    25.361   -31.602    -1.070   -1 1049 1555   -1
1166    37.845    20.652    -6.801   -1   -1  588  506
1167    20.502    51.514     6.310   -1   -1   48    8
1168   -20.783   -10.635     8.031   -1   -1 1256 1176
1169    33.119    -3.956    18.403   -1  708 1102   -1
1170   -17.886     4.558    -7.189  636   -1   -1  804
1171   -50.244   -14.740    13.568   -1  855 1354   -1
1172   -50.368   -29.629    -7.128   -1 1016 1563   -1
1173    37.029    26.702     2.342  316   -1   -1  393
1174     0.507    -4.924    16.579  793  728   -1   -1
1175    -4.625   -11.618     3.225   -1   -1 1255 1194
1176    19.561     6.863    -8.082   -1  579   -1  759
