1015
   1    10.104    13.362     8.713  451  471  728  643
   2    21.977    41.458     8.700  115  118  201  135
   3    23.947    36.575     9.535  172  171  292  212
   4   -22.086    35.117    11.337  182  172  333  236
   5    38.970    50.296     9.115   47   45   75   24
   6    38.157    23.068    16.990  330  359  551  464
   7   -10.710    36.634     3.510  168  157  302  210
   8   -26.138     0.906    12.955  628  640  986  875
   9    21.912    31.834     6.188  223  233  385  287
  10     8.533    43.886    11.263   94   95  168  100
  11   -18.520    44.558    36.133   95   93  173  110
  12    38.239    11.195    -0.669  494  519  748  671
  13    15.286   -31.395    12.810 1114 1011 1572 1488
  14    -5.303    36.852     4.582  165  156  294  208
  15   -23.065    48.777     0.202   53   40  101   53
  16    -4.715    33.705     1.149  197  193  351  256
  17     8.887    28.912    12.872  258  268  451  351
  18   -26.509    44.902    13.059   82   70  159   94
  19    11.900   -31.225    13.184 1111 1005 1577 1474
  20    13.593    16.071     4.094  419  440  672  585
  21     5.746     9.867    10.714  503  526  790  698
  22   -11.591     1.958     3.781  618  635  931  836
  23   -17.666    47.830    11.563   63   51  117   67
  24   -33.494   -10.410    11.350  816  794 1217 1097
  25   -12.053    19.082     4.126  379  393  639  539
  26     1.653    -6.593     6.392  771  756 1114 1015
  27     7.720    33.212    10.864  204  209  364  276
  28    10.309   -14.629    10.436  905  854 1260 1198
  29     9.522    13.441     9.252  449  470  729  640
  30   -27.225    17.551     5.794  392  409  667  561
  31   -16.115   -20.740     6.996  984  922 1380 1283
  32   -27.769    15.665     5.145  416  433  700  593
  33   -35.717    29.347     6.752  250  248  455  340
  34   -48.239    40.555     9.462  118  105  233  151
  35    17.174   -12.716     4.443  881  834 1216 1155
  36     6.444    13.178    11.736  455  472  738  648
  37   -19.594    31.146    -3.898  225  227  401  298
  38     7.410    13.495    -1.490  448  469  715  627
  39   -16.612    26.495     8.427  279  283  501  399
  40     1.272    22.021    10.596  339  361  580  486
  41   -36.946    22.905    10.596  313  329  577  461
  42   -29.468    31.772    11.449  217  214  405  302
  43   -13.680     6.539     8.393  544  568  859  755
  44    36.983    12.335    -2.062  477  497  720  649
  45   -24.830    39.968     8.284  125  121  230  158
  46   -47.490     7.743    -8.100  519  551  826  715
  47     6.690   -23.873     0.659 1045  956 1402 1324
  48    34.270    23.008    15.701  333  356  555  460
  49     7.536    21.756     8.591  345  367  579  491
  50    11.338    49.693   -10.675   43   38   82   33
  51   -48.171    33.795    10.945  199  185  361  267
  52   -29.082   -12.089    11.914  847  812 1243 1141
  53   -17.057   -14.595    10.861  894  849 1279 1193
  54    -5.977    -6.925    11.186  772  755 1138 1033
  55   -13.655    49.913    -2.892   44   33   86   36
  56    -4.347     2.802     8.929  607  615  927  828
  57    19.310     8.866     8.639  521  547  798  717
  58     8.100    35.121     8.405  183  182  323  228
  59   -13.529    47.366     6.666   65   53  122   72
  60    -7.032    39.694     3.458  129  129  227  157
  61   -13.809    39.078    -7.970  135  132  229  163
  62    11.119    38.085    11.393  151  151  267  190
  63   -20.799   -16.414     9.606  927  875 1325 1222
  64   -33.959    51.788     6.862   31   24   65   15
  65     6.683   -30.921    12.066 1107 1006 1580 1465
  66    18.300    31.247    15.572  231  246  404  310
  67     2.113     2.896    11.138  606  617  925  831
  68    12.536     1.173     6.295  638  648  939  861
  69    -6.779   -15.059     9.875  907  860 1277 1201
  70    12.066   -29.624   -22.752 1128 1017 1433 1384
  71    47.216    39.384    13.408  142  147  223  159
  72    39.200    10.669    13.301  502  515  769  700
  73   -43.844   -30.753    -3.774 1101 1021 1574 1397
  74   -49.522    27.877     8.692  262  264  497  365
  75    17.786    38.131   -11.245  145  148  243  170
  76    19.640   -31.710     2.096 1135 1037 1518 1459
  77    19.135   -20.126     8.022  986  918 1349 1284
  78   -17.636   -29.973    14.292 1086  995 1570 1426
  79    41.966    27.585    10.943  275  294  467  368
  80   -10.577    10.227     6.265  497  518  787  684
  81   -62.109    43.116    15.565   96   81  198  122
  82   -29.659    28.663     8.032  256  258  470  354
  83    -6.356   -19.595     8.436  971  911 1357 1270
  84    -5.784    -9.130     6.581  804  784 1175 1070
  85    13.624    41.858    13.049  112  110  199  133
  86    13.730   -10.202     9.582  832  799 1187 1103
  87    13.612    18.902     7.601  384  403  637  543
  88   -33.290   -20.495    11.341  970  917 1388 1281
  89   -29.065    33.518    -0.675  194  188  360  263
  90    -8.394     3.328     4.778  599  608  911  813
  91   -20.585    39.573    -8.066  123  123  221  152
  92   -47.848    16.554     4.182  401  419  692  576
  93     5.308   -16.115     7.102  936  876 1293 1220
  94    -8.515   -20.645    10.053  983  920 1379 1292
  95   -49.963     7.787     9.701  520  546  850  731
  96    23.512   -21.687     6.672 1020  935 1372 1302
  97    11.695     9.094     6.681  510  537  797  710
  98   -29.299   -15.605    13.883  900  864 1319 1221
  99     3.119    42.993     7.107   97   98  176  113
 100   -15.817    -1.063    10.747  666  674 1020  915
 101   -20.730   -20.493    11.916  978  916 1384 1288
 102    11.303    20.548    10.259  364  383  606  518
 103    10.987    -8.709     8.973  801  779 1158 1071
 104   -60.459    30.383     7.595  233  219  440  324
 105    -4.480    -5.875    11.889  756  745 1113 1011
 106     5.184    -5.262    10.766  743  738 1093  998
 107    12.833    12.735    11.676  462  482  742  656
 108    36.829    27.647    -3.006  271  291  448  356
 109   -15.919    21.033     8.474  352  369  607  504
 110    19.195    22.181     7.190  340  365  564  472
 111    22.676   -29.586    11.572 1095  993 1510 1435
 112   -60.477    33.875    13.345  192  174  378  272
 113     1.791    32.707    -4.740  206  210  362  273
 114     4.475   -30.439   -19.897 1122 1046 1476 1394
 115    36.553    49.723     4.241   51   49   90   25
 116     8.820   -11.624   -21.825  869  833 1160 1067
 117    30.601    30.810     5.671  242  252  399  308
 118   -12.120    20.179     6.639  362  380  624  522
 119    13.228    22.321     6.467  336  360  563  471
 120    20.447    -4.223     8.741  725  725 1052  975
 121   -28.607   -18.263    10.548  954  896 1353 1256
 122    36.657    11.271     1.828  493  516  743  668
 123    16.810   -31.960     0.122 1137 1047 1524 1462
 124    -6.718     2.293    17.241  612  626  949  853
 125    22.322   -31.042     2.174 1120 1024 1511 1437
 126    -2.461    22.006   -13.572  331  364  547  448
 127     8.971    -4.245    11.497  723  716 1069  977
 128    -7.534   -26.069    -3.544 1063  976 1425 1361
 129    25.868    -3.272   -19.165  718  727  989  916
 130    10.145    -4.228     9.570  719  720 1064  976
 131   -20.454    -9.575     9.982  806  785 1200 1083
 132   -48.446     1.016    11.844  620  638  998  862
 133    22.607     7.208     7.144  545  567  824  742
 134   -16.512    -9.448     2.705  803  789 1182 1072
 135   -22.452    -4.052    12.049  704  706 1086  970
 136     7.248    34.201    18.642  196  194  345  268
 137   -14.194    26.157     8.882  287  293  506  404
 138     3.052    42.362    15.120  106  103  191  130
 139    18.556   -31.367    11.746 1116 1018 1567 1478
 140    -8.608    -8.675     8.218  797  778 1173 1061
 141   -15.430    16.863     8.704  403  425  675  575
 142    14.551   -30.716   -20.482 1132 1076 1477 1392
 143   -26.670     1.090    18.494  629  639  985  879
 144    42.914    11.906    -6.549  482  498  716  667
 145    41.525    27.014    -5.683  278  303  458  370
 146    -6.042    23.158     6.096  316  333  556  446
 147    28.032    37.509    10.208  155  163  276  199
 148   -29.792    -5.650    12.641  735  739 1128 1004
 149    18.668   -17.146     7.996  957  889 1309 1240
 150   -15.855    23.882   -19.953  302  321  524  411
 151    -4.712    13.035     8.551  450  474  740  646
 152    -3.962   -16.410     8.533  935  883 1311 1226
 153    21.912     9.827    13.676  506  531  789  705
 154    13.573     4.180     6.864  592  602  886  802
 155   -16.408   -17.624    10.635  949  892 1339 1248
 156    24.664     1.329    10.624  642  645  933  866
 157   -20.869    37.285   -20.212  148  146  270  186
 158    16.205    40.850    13.757  121  125  210  143
 159   -18.261    44.485    12.011   85   82  165   98
 160    -2.807   -26.474    -0.118 1065  972 1456 1365
 161    -0.741    23.690     9.255  310  328  543  442
 162   -11.822    -9.784     6.708  819  792 1190 1081
 163   -19.201     2.992    11.791  600  607  929  825
 164   -33.669    35.854   -16.283  161  154  308  216
 165     4.479    -0.845     8.620  670  673 1001  912
 166    17.112   -32.000     5.693 1136 1044 1564 1476
 167    19.412    -0.527    11.154  667  670  984  914
 168    21.595   -12.536     9.907  875  827 1221 1163
 169   -26.701    30.470    11.450  237  235  428  319
 170   -49.034     5.002    11.506  548  582  920  784
 171     5.247    34.371     8.173  189  190  339  245
 172   -10.777    10.971    11.232  486  496  780  681
 173    -6.320    11.916     8.440  470  488  763  666
 174     2.581    26.694    10.683  281  289  496  393
 175   -32.739   -18.407    13.169  953  897 1368 1260
 176   -11.880    25.943    10.699  289  300  514  408
 177   -56.445    16.982     4.077  394  408  695  562
 178   -49.505    30.256    -1.302  229  224  430  330
 179    15.973     0.374    11.452  653  657  969  888
 180   -24.753     9.268    12.656  504  529  814  714
 181    -9.073     2.387    12.198  611  625  935  843
 182    23.829    14.994     7.019  433  454  693  611
 183    14.443   -32.222    10.413 1134 1043 1590 1499
 184   -31.669    53.045    11.243   29   20   42    1
 185    48.936    22.942    -3.578  323  370  532  443
 186    29.219   -14.325     0.532  906  867 1230 1180
 187     2.087    -6.556     4.741  773  750 1111 1013
 188    27.162     3.198     7.127  610  623  899  824
 189    10.727    -0.467     7.952  664  669  982  909
 190    -6.796    -6.823    10.472  769  753 1135 1027
 191    -1.048   -33.043    12.269 1127 1057 1603 1509
 192   -28.905   -22.749     6.847 1013  944 1407 1311
 193    39.151    21.728    11.156  351  374  554  509
 194     8.017    11.647    -7.946  483  501  746  642
 195   -61.467    39.527    11.142  132  111  258  173
 196    17.892    31.202     6.370  234  240  395  301
 197    11.223    24.215     9.162  307  325  533  429
 198    17.782    25.430     9.188  298  311  511  412
 199     8.673     3.198     8.100  604  612  910  823
 200    22.212    16.024    12.052  424  443  682  595
 201    10.703    -3.395     6.312  711  705 1037  946
 202    -5.524    18.182     9.804  390  406  654  557
 203   -33.642    -3.010     9.001  688  690 1059  940
 204    -0.005    20.970     7.009  354  373  600  505
 205   -17.484    18.664     9.906  381  398  649  550
 206   -23.041   -22.224    12.541  999  932 1408 1314
 207     3.693    23.022     9.668  320  341  559  453
 208    -7.856    26.834     7.357  277  284  494  389
 209    10.783     7.588     7.764  535  562  823  737
 210   -28.678    -8.604     2.997  795  775 1180 1035
 211    12.610     0.624    21.208  637  649  981  922
 212   -29.080   -17.644     9.505  947  888 1346 1247
 213    16.518    11.269     8.912  487  507  765  678
 214   -23.422   -11.185     8.798  834  805 1220 1115
 215    27.588   -31.373    12.111 1121 1020 1547 1484
 216   -25.847   -22.331    11.138 1001  936 1411 1313
 217   -24.586    22.918     6.452  314  332  566  455
 218    25.675   -26.647     9.411 1072  968 1451 1386
 219   -44.281   -33.068     8.395 1129 1053 1606 1494
 220     4.488    17.389     9.420  400  421  664  568
 221    35.958    34.876   -12.826  181  197  305  222
 222   -49.594    -0.623     3.673  647  664 1019  890
 223   -61.715   -15.586    15.136  886  853 1342 1210
 224   -24.346    45.953    11.037   76   63  142   81
 225     7.298    17.109     5.485  406  426  661  566
 226   -19.740    -1.691     9.355  673  681 1029  923
 227   -58.832    24.143     7.966  299  307  562  434
 228     7.936   -30.478   -16.096 1126 1029 1479 1402
 229    14.482    -3.021     3.322  706  698 1027  936
 230    11.373   -29.018     9.354 1089  988 1494 1413
 231   -11.422     8.548     8.983  514  540  817  721
 232   -31.681    -4.033    11.469  702  700 1090  963
 233    -2.746   -12.950     7.455  871  831 1233 1162
 234    -1.084     0.732     9.748  640  651  971  874
 235    39.217    -0.482     1.628  676  676  956  907
 236   -13.423   -25.142     0.755 1052  962 1426 1346
 237    23.633     6.196    12.766  565  580  860  766
 238    39.218    -6.156     9.152  774  752 1082 1036
 239    38.294    23.452     8.967  329  335  530  450
 240   -59.431   -12.290    11.826  842  807 1267 1142
 241    -1.528    43.302    -8.030   92   91  169  101
 242   -24.321    17.872    15.717  388  402  676  571
 243   -53.138    15.063   -17.182  418  445  686  581
 244   -24.076    12.183     3.456  467  478  760  657
 245   -60.376     5.620     7.844  546  571  898  767
 246   -28.387    -4.519    15.448  713  713 1105  986
 247    20.011   -21.620     8.192 1017  934 1376 1306
 248   -24.274     4.765    11.550  581  583  895  806
 249   -62.288    -8.262    12.129  776  764 1203 1050
 250    17.608   -31.106    15.357 1110 1014 1568 1487
 251   -29.858    50.006    -8.460   39   29   89   43
 252   -30.866     1.129     2.048  624  643  967  847
 253    20.481   -19.203    13.591  977  904 1341 1279
 254   -35.236    28.421     8.551  263  257  476  357
 255    24.168    24.256     1.902  305  330  523  422
 256   -27.517   -12.834     9.490  857  822 1249 1156
 257    -9.507    15.912     8.207  415  435  694  594
 258   -16.480     4.845    -4.202  574  594  877  768
 259   -20.291    40.289    11.680  124  116  225  153
 260   -12.374     3.685     8.575  590  603  914  811
 261   -29.534   -13.423     1.135  876  836 1248 1152
 262    44.687    11.539     1.864  485  522  734  669
 263    38.554    -4.655     2.617  754  736 1036  980
 264   -34.272   -28.716    12.020 1074  986 1527 1407
 265   -20.472    -3.356    11.777  692  693 1066  953
 266    11.606    51.174    19.352   42   35   64   31
 267    -7.305    39.697    -0.903  128  124  218  155
 268    50.458    30.492    -3.321  246  260  391  306
 269   -55.369    17.194   -10.184  382  404  668  560
 270   -23.915    -3.841    11.104  703  702 1070  962
 271   -25.521   -15.728    -0.464  915  871 1289 1191
 272    28.056    39.825     0.475  122  135  206  166
 273   -23.398     0.497    10.294  625  652  999  897
 274   -51.001    30.943   -11.974  221  218  411  284
 275    35.553    33.396     3.230  210  216  341  248
 276    21.618    45.921     5.983   74   74  132   77
 277   -49.800     1.651    11.236  613  621  980  857
 278    14.377    -8.832     8.709  809  781 1159 1075
 279   -16.472    -9.924     7.080  821  787 1198 1089
 280   -60.510    47.269    -6.797   61   37  128   71
 281   -21.899    10.256     6.518  495  505  794  686
 282    39.166    30.946     7.670  251  250  381  303
 283   -22.606    -2.586   -21.879  693  699  979  898
 284    27.057    23.397   -12.541  301  355  540  421
 285   -56.274    36.881   -16.006  149  140  300  200
 286    11.564     2.254     6.388  617  636  926  839
 287    24.810   -11.070   -15.631  850  826 1163 1076
 288   -18.530    -5.552     8.902  741  740 1108  994
 289    49.509    29.617     1.924  253  271  412  327
 290    12.925   -20.397     9.386  988  919 1360 1290
 291   -33.732   -13.399    23.380  861  818 1306 1188
 292     3.404    34.292    19.956  193  192  358  260
 293   -38.606    34.422    19.736  188  176  366  259
 294   -41.108   -25.056    14.098 1046  954 1484 1352
 295    47.014    31.546     1.819  226  256  373  285
 296    20.994   -29.718    20.501 1090  990 1521 1475
 297     5.493     4.094   -22.462  595  618  844  756
 298   -12.570   -16.337     8.852  924  874 1316 1228
 299    23.609   -17.053     7.736  955  898 1294 1238
 300   -16.539    -1.260     1.485  672  682 1003  906
 301   -47.861    -8.268   -11.414  785  773 1153 1019
 302    12.411   -25.454   -20.340 1071  977 1393 1312
 303     1.294    39.153    13.849  138  139  255  169
 304   -57.992    -6.114    24.879  724  726 1197 1025
 305   -11.781   -30.892    10.308 1102 1009 1554 1452
 306   -54.651   -10.644    -3.279  814  811 1209 1060
 307    47.891    20.603   -20.918  372  394  548  467
 308    27.040     8.294    20.293  532  542  825  751
 309    -2.392   -21.032     5.878  990  929 1373 1289
 310   -11.629    37.974   -10.483  147  142  264  178
 311    38.851    23.696    -1.014  311  362  505  435
 312    -2.561    -1.004   -11.236  675  683  966  872
 313   -14.934     5.650    10.681  563  578  884  769
 314     1.393   -22.969     9.111 1026  949 1400 1322
 315    30.588   -30.201     6.474 1106 1013 1498 1432
 316     2.816    11.258    18.166  476  512  779  680
 317   -58.349    35.169     8.521  178  158  344  239
 318    33.462   -24.336    17.049 1059  948 1404 1382
 319   -62.065     3.247    10.579  584  596  945  817
 320    -3.125    -4.177     8.412  716  715 1067  968
 321    23.459   -14.681    21.263  910  847 1278 1229
 322    -0.825    -4.844    11.714  730  729 1097  991
 323   -47.706     3.906   -20.725  585  600  878  760
 324    49.099   -14.714     4.981  930  866 1234 1202
 325    19.199   -26.137    -5.065 1076  981 1405 1358
 326   -22.821   -15.958    -2.320  920  882 1292 1186
 327    19.493   -14.114    20.629  892  844 1271 1214
 328    11.942    -4.544     9.006  731  728 1065  978
 329    26.531    18.869    -5.629  385  412  629  526
 330    16.918    28.270    15.409  270  277  463  361
 331   -57.596    30.421     9.799  232  225  445  325
 332    16.399    -7.790    11.250  792  769 1143 1054
 333    24.251   -31.499     8.002 1117 1054 1542 1480
 334   -18.807   -19.771    11.643  967  908 1374 1275
 335   -17.718   -15.087     9.851  904  850 1302 1206
 336    10.676   -30.032    -0.674 1109 1010 1496 1414
 337    35.845    26.305    -0.809  291  306  484  387
 338     6.307    37.829   -10.497  150  149  251  172
 339   -29.753   -14.946     2.977  899  856 1276 1185
 340   -56.986   -14.865   -21.016  914  868 1242 1134
 341    -3.955   -32.287     6.358 1125 1071 1589 1463
 342   -51.846    -7.602   -10.997  781  766 1130 1002
 343    26.853    -5.259   -20.300  770  761 1017  945
 344   -48.287     9.320    -7.537  499  524  811  676
 345   -43.791   -19.374   -23.662  972  926 1323 1212
 346   -52.497   -13.052    -6.681  860  835 1250 1108
 347    51.573     4.858     7.164  593  598  855  798
 348   -32.338    29.461     6.958  249  255  443  332
 349    17.607    -2.049    12.667  690  688 1024  931
 350    26.090    19.907   -23.740  375  391  567  494
 351   -49.133   -22.933    -3.089  998  952 1414 1287
 352   -20.018    19.977   -20.609  357  389  594  476
 353    -8.905    36.447   -28.050  158  150  275  197
 354    22.547   -28.443    17.654 1084  985 1504 1423
 355    -7.052    22.274    15.888  328  347  598  487
 356   -26.361     5.012    -7.658  570  592  874  754
 357    14.942   -15.532     4.441  922  884 1266 1207
 358     1.857    -7.016     7.977  784  758 1123 1022
 359    -2.636    30.512     4.536  247  231  406  316
 360    39.188    -3.434    20.003  727  691 1045  987
 361    27.187    34.774    15.478  187  196  330  242
 362     8.777    20.650     9.425  368  386  609  495
 363     9.605    -0.411     9.772  662  671  987  911
 364    50.060    13.060    -0.248  459  509  708  636
 365    36.647   -10.810   -20.741  870  825 1107 1074
 366    14.404    40.817    21.678  127  131  205  150
 367    -7.021    47.256   -28.127   58   44  111   59
 368   -23.869    17.417     8.643  387  415  674  574
 369     5.439   -18.697    -1.579  968  903 1327 1254
 370    26.259    -9.089   -20.388  833  801 1099 1029
 371   -34.662    22.267    -2.018  319  343  587  440
 372    20.739   -10.247    14.935  829  796 1193 1135
 373   -52.605    -6.640   -11.755  750  760 1120  972
 374    -9.842    15.022    16.566  429  447  725  610
 375    14.096   -26.361   -11.880 1073  984 1412 1338
 376   -18.966    -9.004    10.298  788  783 1185 1084
 377     1.829    17.817    -5.284  398  416  646  542
 378    27.430   -29.285    22.414 1087  989 1502 1477
 379   -57.346     3.902    -4.667  582  595  897  794
 380   -16.719    -3.700     2.047  710  701 1040  950
 381    27.932    21.685    -0.510  347  376  565  481
 382    14.199    48.354    27.836   67   57  109   60
 383   -61.184   -13.127     9.730  854  817 1288 1160
 384    19.412    21.832   -20.100  338  371  546  437
 385    -8.276    13.755    14.831  440  465  736  638
 386    15.242     3.675    18.686  603  601  921  822
 387   -14.166     7.800    10.527  527  549  843  740
 388     7.113    42.947    28.961  107  101  188  126
 389    38.874    37.196    10.259  173  165  279  198
 390     3.674     7.093    -1.333  541  566  822  736
 391    10.239   -24.698    12.132 1049  950 1440 1372
 392   -51.975    12.838   -14.810  444  467  737  613
 393   -21.085     4.681    10.912  571  587  904  800
 394   -16.291    26.905     5.551  269  290  486  400
 395   -16.774    -1.500    20.279  658  678 1047  932
 396   -33.613    -3.952    -6.682  694  722 1061  929
 397    26.053   -12.541     9.395  873  823 1227 1158
 398    15.849     0.395     4.228  646  662  954  885
 399    -8.040    -9.616     6.282  807  793 1184 1080
 400    -0.310   -25.984    -5.729 1066  974 1419 1340
 401    22.989   -10.130    -2.763  839  806 1170 1064
 402    25.967   -30.871     3.980 1119 1042 1507 1428
 403     4.884    36.118     7.141  171  166  315  223
 404     9.510   -28.577   -20.405 1103 1008 1435 1353
 405    -0.963   -15.807    -3.754  934  877 1259 1194
 406     0.107     0.560     9.387  643  654  974  880
 407   -12.431    -9.687    -8.062  810  803 1168 1045
 408   -11.353    -1.529     0.679  677  684 1004  913
 409   -27.951    42.734     6.805  100   86  196  121
 410    -1.374   -14.761   -22.058  923  879 1213 1147
 411   -56.781   -23.633     1.351 1019  951 1443 1308
 412    22.161    -4.778    20.454  726  724 1100 1016
 413   -37.164   -23.316    15.457 1021  945 1447 1320
 414   -24.234   -13.238    10.797  867  820 1258 1167
 415    -2.611    24.596    13.575  304  316  526  433
 416    26.059     7.178   -15.299  547  585  801  707
 417   -19.191    30.360    10.895  240  245  427  320
 418   -15.053    22.900     2.261  332  324  545  458
 419   -16.274     3.091     1.233  602  616  916  805
 420   -58.056    -2.782   -20.502  678  707 1016  908
 421   -21.485    11.266   -12.971  475  508  756  645
 422   -11.449   -16.256     2.432  937  886 1304 1200
 423   -51.658   -27.834   -17.266 1078  994 1448 1343
 424     3.023   -20.002     1.452  985  923 1351 1264
 425    38.915    27.609    11.616  280  280  450  390
 426   -26.344    41.340   -11.746  103  104  194  137
 427   -32.481     1.756    19.236  608  620  997  870
 428    13.384     5.467   -14.250  576  590  830  746
 429     3.659    22.290    10.041  341  345  574  484
 430    23.195    50.954    23.235   45   39   80   19
 431   -12.994    -5.134     3.660  751  732 1071  984
 432   -45.395     0.907    21.178  619  634 1018  891
 433    18.275    13.266    -8.361  458  480  719  614
 434    20.596    -5.922    19.362  766  744 1109 1026
 435    47.652    -6.401   -23.035  793  776 1032  960
 436   -14.851    -3.812     6.115  714  696 1063  952
 437    28.041    47.163    -7.415   59   66  112   64
 438   -51.179    48.697   -13.172   50   30  113   46
 439     9.498    29.459     0.240  248  270  420  326
 440     0.906    40.674   -18.786  119  120  190  125
 441     7.355   -32.196     0.406 1131 1065 1584 1449
 442   -16.696    10.467    15.404  484  503  796  709
 443    20.924    24.957    12.822  300  314  527  425
 444    21.039   -26.539   -10.585 1083  980 1415 1347
 445   -63.009   -10.674    19.803  800  788 1268 1109
 446    -0.314    16.543    13.709  407  427  669  603
 447    11.259    14.060   -10.315  453  463  679  609
 448    24.664    -4.261    12.270  738  731 1048  981
 449   -19.420    31.782     7.383  215  220  398  292
 450   -50.195    -3.916    13.018  689  708 1118  948
 451    16.578    28.142   -13.039  259  279  425  343
 452   -15.502    43.352   -26.824   89   85  154   92
 453   -13.006     9.317   -24.120  513  536  764  660
 454     4.682    37.291    -2.515  160  161  268  188
 455    21.554    -1.144     8.695  674  679 1009  919
 456    -0.260    32.594   -10.555  212  215  350  257
 457   -12.910    33.303    -5.614  195  203  355  252
 458   -27.334     1.075    -1.199  645  637  957  832
 459    26.584    36.540    -8.838  154  177  273  205
 460   -27.498    -9.693   -13.534  828  795 1154 1039
 461   -48.838   -20.380    14.533  975  913 1399 1277
 462   -24.374    21.151    -4.804  334  375  581  493
 463   -48.390    47.582     9.930   66   46  120   66
 464    -0.963     9.033   -20.928  516  543  778  674
 465    11.503     8.021    12.471  534  556  809  739
 466    -5.402    -4.580   -20.444  746  746 1013  933
 467    26.472    19.826    19.333  374  392  620  554
 468   -20.201    11.360    23.470  468  481  803  697
 469    14.078    30.238    -1.752  244  232  407  329
 470    50.432    -8.803    -7.631  830  800 1124 1042
 471    35.998   -22.207    -4.834 1044  940 1361 1299
 472   -11.254    26.397    20.516  273  301  520  409
 473    24.867    21.384    19.150  349  377  612  514
 474   -50.173    -9.322     3.346  789  790 1205 1051
 475   -60.989    -7.127    -5.329  777  759 1141  989
 476    -8.240    34.390     0.780  185  199  328  234
 477    12.520    26.878    -6.833  288  286  452  377
 478    51.653     7.743     1.824  557  564  799  732
 479   -30.841     8.566    -6.780  526  533  795  712
 480   -14.874    14.461   -11.428  435  457  690  596
 481   -42.537    51.160   -19.789   26   19   76   17
 482     2.552    -8.248    12.486  794  768 1151 1086
 483   -14.430     5.170     7.251  573  584  872  797
 484    15.671    -8.265   -14.089  796  798 1115 1003
 485     6.271    -5.854    19.123  749  737 1126 1038
 486   -17.822   -13.685     9.380  885  843 1246 1175
 487     4.420     9.000    -3.245  517  555  784  689
 488    -1.551    38.144    15.907  143  152  285  203
 489   -18.476    22.869   -13.990  321  338  529  436
 490    24.284    14.920    19.521  431  459  721  623
 491    16.469    32.602     7.192  224  223  365  269
 492    10.029   -21.344   -17.297 1028  947 1334 1257
 493   -30.007   -13.961    21.820  878  829 1291 1209
 494    -6.914   -25.699    12.208 1055  960 1473 1381
 495     8.528    39.270    17.233  141  136  261  165
 496    21.823    24.874     3.631  294  326  515  424
 497    38.186     0.395     7.445  657  668  930  887
 498    -6.268    32.175   -24.231  201  221  370  255
 499     5.759    -7.885   -15.834  813  772 1080 1014
 500   -17.262    -0.109    10.279  641  667 1015  883
 501     5.586    43.797   -23.762   88   87  141   93
 502   -31.642    16.148    -6.059  412  434  678  558
 503   -13.633    -1.637    21.203  684  665 1039  935
 504    -7.201   -18.807    -2.854  976  912 1315 1244
 505   -32.841    -5.902   -11.057  759  742 1102  956
 506    37.798    13.652    -0.987  447  489  699  616
 507    46.188    19.897   -14.542  366  411  569  516
 508    38.520    41.985     4.164  109  114  184   -1
 509    -9.370   -31.595    -2.930 1124   -1 1535 1422
 510    -9.288   -28.108    24.656   -1  975 1529 1421
 511    56.346    38.582     9.098   -1  159  235  171
 512    38.962     4.313    -1.792  596   -1  862  793
 513   -12.837   -11.509     8.758  844   -1 1222 1128
 514    41.050   -14.522   -24.503  945   -1 1189 1138
 515   -48.777    18.042     8.143   -1  396  671  556
 516    49.132    42.638    16.159  108   -1  175  115
 517    28.783   -29.200    16.164 1096   -1 1506 1434
 518    31.897    39.410   -13.597  133  141  211   -1
 519    38.847     6.852    15.522  560   -1  832  764
 520    53.158    37.724     0.720   -1  167  250  183
 521   -35.909    38.424     1.947  140   -1  272  184
 522   -52.024    42.854   -16.073   -1   78  182  111
 523   -14.938   -29.982    11.988   -1  996 1561 1424
 524   -51.682    21.133   -10.650   -1  357  596  477
 525    50.479    44.677     2.817   84   -1  143   83
 526    35.095    -8.202     7.340  812  774 1125   -1
 527     1.963   -33.178    10.948 1141 1067   -1 1510
 528   -51.896    19.218   -16.182  369  379   -1  519
 529   -25.276    50.136     9.062   -1   32   91   38
 530   -49.244    22.157     2.720   -1  336  593  463
 531   -49.768    39.294     7.194   -1  117  257  175
 532   -63.735    33.109    10.828  200  181   -1  278
 533   -12.580    48.775     6.702   55   -1  103   51
 534   -52.561    18.229   -14.389  380  397   -1  533
 535    26.349     1.265    16.158  635   -1  953  882
 536    51.373   -13.223   -11.697  909  859   -1 1140
 537   -49.467    20.873     1.669   -1  363  623  499
 538    53.421    49.493    13.855   -1   55   88   35
 539    33.799   -11.160     8.835  853  815 1195   -1
 540   -52.280    20.542   -19.177  350  368   -1  482
 541   -24.244    24.099   -26.919  303   -1  507  405
 542   -48.821    15.100    14.914   -1  432  732  619
 543   -26.654    18.514     5.224  383  400   -1  541
 544    10.355   -31.809     9.645   -1 1030 1579 1485
 545    34.061    53.590    -2.161   19   26   18   -1
 546   -45.296    15.113    20.225  428   -1  731  620
 547    42.293    20.205   -24.906  373   -1  557  474
 548    36.722   -34.478   -11.814   -1 1097 1543 1502
 549    30.667     6.256     7.943  568  579  838   -1
 550    35.341    -5.026    18.175  753  734 1087   -1
 551   -20.518    38.909    11.716  139   -1  259  180
 552   -49.596    24.848    -3.865   -1  296  531  417
 553    23.124    -0.310     3.503  668   -1  965  894
 554    28.736   -16.190    12.925  942  880 1281   -1
 555    -4.465    11.598    -6.529   -1  493  752  654
 556    22.210   -34.083   -11.236   -1 1096 1549 1479
 557    22.000   -31.511     6.584   -1 1026 1536 1464
 558    16.389    54.002    -9.673    4   21   21   -1
 559   -62.579     7.512     3.974  518  548   -1  727
 560    34.537    16.885     6.826  411  436  660   -1
 561   -51.301    41.023   -10.551   -1   99  207  138
 562   -48.774    43.066    17.775   -1   89  197  124
 563    19.400   -31.313    10.536   -1 1015 1555 1481
 564   -35.908    41.134    13.835  116   -1  216  146
 565    39.228    -7.096     8.745  790   -1 1103 1047
 566    48.549    42.887     7.057  101   -1  171  109
 567    28.397    12.173     8.444  472   -1  741  664
 568    25.767   -32.880     6.006   -1 1066 1581 1507
 569   -49.979    26.687     0.858   -1  273  509  386
 570    37.912    27.054   -11.543  274   -1  454  360
 571   -50.051    22.693     3.363   -1  323  583  454
 572    24.948   -13.527    19.818  890  837   -1 1204
 573   -25.653     5.500   -25.633  567  591  831   -1
 574   -51.671     5.757   -13.772  552  575  856   -1
 575   -61.749    24.655     9.697  297   -1  550  426
 576    10.170    22.270     8.464  337   -1  570  478
 577    -7.849    42.312     5.440   -1  100  189  120
 578    38.131    38.134     2.541  152  153  248   -1
 579    33.139   -22.295    17.554 1024  939 1391   -1
 580    18.811   -30.214    25.172 1092   -1 1582 1500
 581    11.397    46.076    27.448   80   76  140   -1
 582   -48.405     7.767    10.574  515  545  861   -1
 583    19.634    41.691    14.240   -1  115  200  134
 584   -32.789     7.097     7.766  533   -1  853  741
 585     3.876    -3.760    23.386  708   -1 1092  985
 586    53.110    18.650     0.483   -1  423  619  540
 587   -29.141     6.480    11.255  536   -1  875  761
 588    39.945    25.983     6.513  296   -1  493  401
 589   -50.233    29.013    -1.719   -1  249  461  339
 590    40.492     1.546   -15.873  644  661  883   -1
 591   -38.055   -27.725    -8.247 1070   -1 1486 1357
 592    -2.119    28.212     2.167  267   -1  460  348
 593    39.274    18.734     3.634  391   -1  617  545
 594    37.044    30.201   -18.749   -1  266  393  283
 595     4.597   -32.640     4.249 1139 1073 1583   -1
 596    37.112    29.316    -5.577   -1  269  414  323
 597    41.898    39.732    -1.004  134   -1  213  148
 598     6.139   -29.560   -17.366 1104 1032 1468   -1
 599   -35.716    10.283    12.794  489   -1  805  692
 600   -38.805   -13.825    11.565   -1  830 1290 1176
 601   -42.909   -26.098     0.310 1057  966   -1 1341
 602   -52.603    21.384   -20.781  325  349   -1  457
 603    20.708   -31.011     8.261   -1 1004 1515 1470
 604    39.344    16.771     4.287  421   -1  651  572
 605    41.623   -24.740    11.118 1056   -1 1409 1377
 606   -16.422    11.974   -16.584  466  492  733   -1
 607   -51.586    27.518    -9.806   -1  267  488  349
 608     1.803    -2.807    -8.111  695  703   -1  920
 609   -33.959    45.025     0.716   81   -1  146   86
 610    -7.946   -15.694    10.334  919   -1 1303 1215
 611    26.640   -26.149     7.966 1064   -1 1437 1383
 612   -62.364    13.499   -19.896  437  453   -1  604
 613   -49.311   -16.130     1.374   -1  870 1321 1195
 614   -11.660   -23.327    17.493 1029   -1 1428 1336
 615   -58.491     1.949    17.132   -1  613  995  855
 616    55.225    13.814     9.362   -1  479  704  633
 617    33.413    -8.065    -1.629  811  780 1096   -1
 618    -7.120    27.839     8.442  268   -1  478  367
 619    52.373    35.664    10.123   -1  191  304  220
 620   -47.745    27.703   -19.990   -1  262  473  345
 621     0.657     3.556     9.130  598  605  908   -1
 622    28.324    -2.050   -21.638  698  704  946   -1
 623    25.332   -32.425     0.038   -1 1060 1531 1482
 624    15.489    53.869    14.657   20   25   25   -1
 625    55.217    -5.681     6.343   -1  751 1053 1009
 626    19.285    39.327    16.897   -1  143  239  168
 627     1.561   -23.473   -20.090 1050   -1 1366 1285
 628    38.868     3.047    16.533  616   -1  902  849
 629   -58.300    19.146    -5.300  371  381   -1  527
 630    39.024    -3.798     1.993  721   -1 1026  966
 631    36.025    -3.747     9.496  732  712 1035   -1
 632    35.415    17.078     9.069  413  428  650   -1
 633   -52.578   -23.955    -7.497 1033  957 1427   -1
 634   -50.340    23.632     0.388   -1  313  572  423
 635   -62.163    30.575    14.046  230  222   -1  322
 636   -49.550   -14.599     3.951   -1  851 1295 1169
 637    20.394     4.285     0.401  594   -1  873  792
 638     6.639   -25.259    25.017 1048   -1 1481 1388
 639    51.355   -34.975    18.003 1144 1087 1602   -1
 640    10.206   -29.746   -17.735 1112 1025 1466   -1
 641    36.912   -34.701    21.608   -1 1088 1605 1517
 642    50.988     2.479    12.650  626   -1  912  852
 643   -25.192   -16.661    -9.823  948   -1 1285 1187
 644   -30.376   -23.584    11.135 1023   -1 1441 1327
 645    17.213   -13.733   -10.126  903  857   -1 1149
 646    10.044    15.895     7.430  423  441   -1  592
 647    20.863   -29.966   -19.638   -1 1035 1453 1387
 648   -22.014    41.234     6.975   -1  102  208  140
 649   -18.170    -9.248   -25.903  823   -1 1119 1005
 650    36.910    10.782     4.294   -1  513  745  685
 651   -63.888    19.187    -0.205  370  378   -1  529
 652    43.395    27.578    -4.310  276   -1  429  366
 653    49.370     7.050     9.722  562   -1  816  753
 654   -33.005    48.074    -0.526   -1   42  115   58
 655     5.847   -21.706    -2.006 1015  942 1370   -1
 656    31.292   -19.425   -20.601 1000  931 1280   -1
 657   -62.146    35.127    11.375  177  160   -1  241
 658    26.559   -15.670   -15.506  950  887   -1 1178
 659    40.313   -12.853   -17.990  898   -1 1174 1118
 660   -24.412   -24.307    11.338 1039   -1 1445 1339
 661    -1.242    19.459     6.457  377   -1  633  535
 662     1.382    -0.142     7.960  656   -1  978  901
 663    19.216    23.706    11.938   -1  339  539  439
 664    -3.906   -31.963    -7.396 1133 1079 1528   -1
 665   -37.921     6.523   -14.833  538   -1  837  722
 666    -3.579    12.151   -20.982  465  510   -1  617
 667    18.288   -30.259    24.864 1091   -1 1578 1506
 668   -24.813   -14.688    22.912  888   -1 1324 1217
 669   -47.431    36.880     8.824   -1  145  306  219
 670   -53.185   -17.603   -19.919  956  899   -1 1183
 671    50.222    31.937     5.179  227   -1  371  281
 672   -41.225   -31.079    11.239 1100 1000   -1 1430
 673    37.130    -3.196    -8.607  734   -1  996  926
 674   -21.818   -28.166    10.305   -1  983 1508 1400
 675   -40.834   -21.888    16.923   -1  921 1421 1317
 676   -48.261    16.835    11.745   -1  405  703  579
 677   -49.554    20.202    -7.151   -1  366  636  496
 678    31.461    34.192    15.115   -1  204  340  253
 679   -17.506    13.944    13.491  445  450   -1  631
 680   -58.211    -7.893   -19.363  779  771 1145   -1
 681   -37.689    36.900   -11.640  156   -1  287  196
 682    18.765    15.213    12.864  432  452   -1  612
 683   -47.136   -11.189   -20.333  837   -1 1191 1048
 684    17.659    51.560    17.666   40   36   56   -1
 685   -52.967    50.580   -22.549   -1   22   78   28
 686   -59.809    37.514    17.345   -1  137  312  214
 687    40.435   -15.420   -23.182  960   -1 1206 1161
 688   -28.349    -4.291   -10.799  715   -1 1038  943
 689    40.453     1.695    -9.361  636  660  889   -1
 690   -38.770    19.591    -9.853   -1  382  634  507
 691   -54.950     7.864   -18.070   -1  553  812  693
 692   -48.954   -31.553   -11.076 1118 1028   -1 1411
 693   -62.545   -10.562   -21.755  826  809   -1 1023
 694   -37.271    37.705    11.911  153   -1  293  202
 695   -52.937    10.497   -23.314   -1  504  773  647
 696   -39.039     5.111     0.593  558  586   -1  774
 697    22.755     0.148     1.939  661   -1  942  878
 698    22.223   -32.535    -0.236   -1 1075 1566 1460
 699    19.573   -21.443   -15.115 1032   -1 1331 1272
 700   -43.395    19.610   -16.773   -1  385  616  500
 701    16.406   -30.955    -6.203   -1 1045 1492 1417
 702    16.034    12.845    -2.488  464  486  722   -1
 703   -17.351    -3.496    12.528  691  694   -1  967
 704   -59.149   -13.942    -3.486  862   -1 1270 1144
 705    30.086    -0.963   -10.659  685  686  952   -1
 706    15.531   -23.351   -23.955 1053   -1 1348 1280
 707   -20.816    -6.451   -24.031  778   -1 1055  958
 708    21.077    22.761    10.010   -1  353  558  462
 709    39.160     5.792     2.477  575   -1  834  770
 710    34.799   -25.859   -23.524 1079   -1 1381 1323
 711    11.719   -30.363    18.018   -1  997 1562 1467
 712    35.513   -29.777   -18.735 1123 1033 1432   -1
 713   -20.934    -7.269    15.654  768   -1 1172 1043
 714    34.722    -3.924   -24.014  740   -1  976  927
 715    15.188   -29.688    16.433   -1  987 1519 1450
 716    35.003    51.366   -19.702   28   -1   46    4
 717    -3.339    -3.788    19.995   -1  697 1078  988
 718     5.954    26.539    10.503  283   -1  499  397
 719   -11.953    31.812    -8.927  209  226  384   -1
 720   -61.883   -23.144     5.091 1010   -1 1431 1304
 721   -28.243    -1.508    10.614  671  677   -1  918
 722    19.680    -4.345    18.000  733   -1 1074  995
 723    15.061   -26.836     6.457 1075  969 1463   -1
 724    -0.845   -19.752     8.042  974   -1 1362 1271
 725    37.790    49.929    -0.704   -1   47   74   26
 726   -20.857    13.338     7.809   -1  466  757  630
 727    11.729    12.477    -8.246  457  494  726   -1
 728   -51.073   -25.977   -10.751   -1  978 1436 1328
 729   -14.535     1.641   -26.909  632   -1  892  801
 730    55.366    27.955    15.561   -1  292  462  371
 731     7.244    30.993   -14.611   -1  244  397  280
 732   -49.868    22.966    18.862   -1  327  595  466
 733    23.985   -32.824     2.539   -1 1078 1575 1493
 734   -29.388    50.555     0.965   -1   28   68   39
 735   -59.626     7.329   -21.295  524  557  828   -1
 736    38.052    29.302    11.525   -1  272  426  335
 737   -12.479    49.732     3.819   48   -1   92   42
 738   -59.788    12.676   -12.077  443  473   -1  622
 739   -47.084    27.562    -0.196   -1  261  487  378
 740    56.591    11.230    12.490   -1  530  755  679
 741    55.340    38.062    14.603   -1  164  252  187
 742     7.904    25.485     8.154  295  308  516   -1
 743   -52.828     0.324   -18.873   -1  653  947  837
 744   -12.608     6.515    11.501  539   -1  867  762
 745    14.872    -6.618   -13.615  786   -1 1060  979
 746    20.646    29.071   -12.595  255   -1  410  321
 747   -27.371   -23.213    18.072 1008   -1 1446 1334
 748   -29.602    -6.129     2.002  744   -1 1129  982
 749    39.157    -3.689     0.752  737   -1 1021  947
 750   -23.298    11.448    24.588  474  487   -1  687
 751   -21.788   -10.590    12.301  824   -1 1218 1107
 752   -45.466   -26.283    14.032 1051   -1 1509 1368
 753    11.758   -15.147    -7.351  921  881   -1 1172
 754    39.155    -2.352     4.518  697   -1 1007  934
 755    49.437    -3.646   -24.560  752   -1  955  925
 756    11.949    21.594   -19.889  343   -1  544  452
 757   -50.117     1.309    11.405   -1  631 1002  854
 758   -62.005     5.266    15.445  556   -1  922  786
 759    53.187    19.337    -7.020   -1  414  589  517
 760    -7.336   -10.506    10.889  827   -1 1212 1100
 761   -51.148    29.069    21.662   -1  259  483  350
 762   -36.917    -6.477    -0.104  760   -1 1127  993
 763    17.312   -33.173     3.099   -1 1074 1587 1505
 764    28.098   -10.762   -11.625  852  819 1144   -1
 765    27.924   -32.461     8.201 1140 1068   -1 1495
 766    -7.732    -5.111    25.718  717   -1 1133 1030
 767   -49.366   -16.629     0.829   -1  873 1332 1208
 768   -48.772    16.424    16.162   -1  407  717  597
 769   -50.266   -22.331     2.143  991  943 1410   -1
 770   -32.296    40.077     8.551  120   -1  241  156
 771    41.025    -4.210   -15.888  747   -1 1006  938
 772    -0.629   -21.324    16.599  996   -1 1390 1316
 773    28.975    12.546   -24.034  461  514  691   -1
 774   -61.962    32.706    14.468  205   -1  402  286
 775   -36.124    31.863    24.598  222   -1  433  294
 776   -17.384    43.588   -35.515   73   -1  156   88
 777    53.940    21.600    -5.447   -1  390  542  468
 778   -13.088   -34.509   -21.683   -1 1098 1563 1439
 779   -22.204    46.866    19.694   69   -1  134   78
 780    10.332    16.789    12.100  408  429   -1  578
 781     0.136    28.196     7.640  265   -1  471  362
 782    17.140   -11.734   -22.600  879  838   -1 1068
 783    33.930   -10.016     8.695  836  802 1179   -1
 784   -32.252    10.158    17.229  488   -1  820  699
 785   -14.053    -6.240     3.276  763   -1 1110  997
 786    -4.952     1.080     6.429  634  644  948   -1
 787   -35.634    32.944   -19.920  198   -1  359  243
 788    48.446   -18.282     4.992  973  901   -1 1268
 789   -50.115     5.385     4.312  555  573  896   -1
 790    -6.658    -3.915    11.822  700  718   -1  964
 791   -22.891    -0.412    -2.016  652   -1  993  868
 792   -12.534    35.224   -29.320  176   -1  296  207
 793   -11.461   -28.783    10.916 1082   -1 1512 1410
 794     6.177    21.025     3.188  353   -1  590  497
 795    40.200    54.191    -9.315    5   23   15   -1
 796   -32.427     0.981    12.737  630   -1  983  865
 797    -1.564    -1.673    23.154   -1  675 1034  955
 798    30.705   -20.864    -9.690 1025  937 1322   -1
 799     9.764    35.567   -12.140   -1  183  299  213
 800   -58.390   -28.553   -14.989 1081   -1 1487 1360
 801   -47.577     3.087   -17.365  586   -1  909  781
 802   -49.812     7.867   -23.151   -1  550  821  682
 803   -24.308   -15.924   -15.743  931   -1 1261 1164
 804    28.869   -13.611    18.759  889   -1 1264 1192
 805   -45.314   -28.139   -17.274   -1  991 1462 1363
 806    -0.811   -18.212    -1.533  961   -1 1329 1239
 807   -12.719    30.806    28.870  238   -1  446  328
 808   -41.814    48.235     7.881   54   43   -1   65
 809   -27.341    13.299    23.925   -1  460  767  662
 810   -49.854    22.058    -7.728   -1  342  578  456
 811   -37.979   -10.494    -4.001  831   -1 1196 1077
 812   -11.227     3.437   -12.682  601   -1  885  779
 813    -1.766    30.390    11.360  241  243  431   -1
 814   -52.255   -10.441   -12.090   -1  804 1204 1041
 815    31.159    42.419     5.057   -1  107  178  116
 816    43.035    53.108    -1.514   27   27   22   -1
 817   -32.024   -15.371     9.519   -1  863 1314 1199
 818     1.119    -4.786     5.146  729   -1 1068  983
 819    43.118   -31.604    -2.210 1138 1083 1493   -1
 820   -24.291    17.290    10.202  396  417   -1  564
 821    20.984    16.557    17.722   -1  437  680  587
 822   -25.333    -3.123   -20.567  705  709   -1  899
 823   -50.239    -7.160    11.198  758  749 1181   -1
 824   -20.644   -23.375    -2.546   -1  961 1395 1300
 825    42.166    46.758   -11.836   70   64   -1   62
 826   -10.927   -16.316   -15.494  952   -1 1256 1171
 827     5.840    15.710    -2.574   -1  438  673  588
 828     4.899     6.126    16.649  554  576  880   -1
 829    27.805    -9.069    21.860  808   -1 1188 1106
 830    22.407    -9.801    12.756  822  791   -1 1122
 831     4.830    10.439    10.363  498   -1  786  683
 832    24.223     0.676   -22.844  660   -1  893  829
 833   -19.172   -15.256   -24.502  918  890   -1 1132
 834   -44.578   -17.330   -20.704   -1  900 1298 1173
 835    -1.118    45.410   -19.299   68   -1  133   79
 836   -57.663    29.182     9.915   -1  239  469  355
 837   -27.253    45.010    -3.334   77   -1  144   91
 838    -8.487    11.990    -7.733  480  483   -1  650
 839   -27.376    35.967    -6.208  169   -1  309  217
 840   -25.716    -9.903    18.495  798  782   -1 1130
 841    21.335    50.493     1.890   46   -1   57   29
 842     0.116    28.641     5.987  261   -1  453  352
 843   -12.227   -18.997     8.447  962  902   -1 1261
 844   -34.878    49.415   -18.677   33   -1   95   44
 845     1.106   -13.512   -19.536   -1  865 1208 1101
 846    -9.282    22.211    22.992   -1  346  597  503
 847    37.233    39.726    -2.631  130  138  214   -1
 848   -39.449   -26.476    -0.576 1062   -1 1470 1364
 849    12.673    20.201   -28.093  367   -1  560  479
 850   -15.432   -14.727    -6.419  913   -1 1245 1165
 851   -26.617    15.234   -19.014  417  446  687   -1
 852    45.738     2.425    -8.986  627   -1  881  819
 853   -56.701     9.391    21.115   -1  502  846  723
 854     8.015     7.868    19.868   -1  558  840  747
 855    -6.152   -25.090     5.707 1047   -1 1452 1342
 856   -35.410   -10.005   -21.454   -1  810 1156 1020
 857   -24.696   -14.504   -22.049  917   -1 1223 1120
 858   -15.798     2.397    21.749  605  609   -1  871
 859   -39.703   -16.280    -7.763  938   -1 1287 1184
 860    -3.953   -20.904     0.465  994   -1 1359 1282
 861    -6.221   -31.169     8.174 1113   -1 1544 1468
 862   -30.081    25.081   -10.040   -1  304  517  406
 863   -51.349    -3.772   -14.600   -1  717 1030  928
 864   -11.639     6.832    -8.610  540  569   -1  730
 865   -61.255    22.975    14.962   -1  317  588  475
 866   -24.180    20.435    21.544  358  372   -1  538
 867    23.264    28.361     6.072  272   -1  441  346
 868   -50.729    44.367   -24.196   -1   69  147   82
 869   -49.775    14.594    12.545   -1  439  750  618
 870   -10.784   -20.745    19.061  979  914   -1 1315
 871   -31.884   -21.135   -20.005  992   -1 1354 1246
 872    28.072     9.844    15.094  508   -1  785  708
 873    38.418    13.866    18.022  456  468  712   -1
 874     5.184    17.188   -19.081  402  430  641   -1
 875    30.025    51.260   -16.650   30   34   48   -1
 876    39.128    -5.227     0.517  757   -1 1049  992
 877    10.901    50.038     7.743   52   -1   84   22
 878   -11.126    -9.506     3.476  817   -1 1171 1085
 879    -1.366     7.761    22.768  525   -1  852  757
 880   -36.160   -14.306   -20.941   -1  862 1232 1119
 881   -50.349   -29.361    -8.444   -1 1002 1513 1374
 882    -1.268    50.838     6.417   37   31   83   -1
 883   -54.552    16.451    18.076   -1  410  730  580
 884    18.539    -3.438    -3.586   -1  721 1022  939
 885   -16.915    17.123   -11.112  397  422   -1  553
 886    49.420     5.453   -10.897   -1  610  815  750
 887   -47.886   -31.450   -10.867 1115 1040   -1 1406
 888   -12.942   -14.204    18.337  893   -1 1283 1205
 889    34.396     9.712     1.576  523  532  768   -1
 890    -5.407     3.400     9.341  597  622   -1  808
 891    10.164    23.536    15.644  317   -1  561  438
 892   -19.352    14.226   -17.602   -1  455  707  582
 893     9.021    41.737   -25.796   99  112   -1  107
 894   -63.310   -13.009    -5.646  855  841   -1 1102
 895     4.595   -21.805    -1.030 1034   -1 1367 1291
 896     0.256   -16.060    14.998  928   -1 1305 1243
 897   -59.964   -16.954    10.399  926   -1 1347 1237
 898   -41.620    31.899    -3.821   -1  211  400  279
 899    -3.831   -32.574     0.647 1130 1086 1591   -1
 900   -28.840     5.788    24.344  550   -1  919  780
 901    51.203    17.748    -7.235   -1  442  625  544
 902    -7.702    -8.316    23.208  782   -1 1199 1090
 903    16.442   -24.389   -12.846 1058  967   -1 1303
 904    40.440    15.861    -4.287  430   -1  652  584
 905   -53.204    10.877   -21.049   -1  491  759  658
 906    47.574    21.780   -13.065  346  387   -1  444
 907   -60.302     6.659   -15.954  537  565  833   -1
 908    44.348   -12.055     1.214  864   -1 1186 1157
 909   -62.823    -0.418     2.408  648  650   -1  896
 910    15.151    34.742    12.442  184   -1  337  247
 911   -11.537    -4.407     2.957  728   -1 1057  965
 912    -8.786   -10.127     2.701  835   -1 1183 1079
 913   -23.942     9.024    17.196  505   -1  827  724
 914    -0.186   -22.881    20.054 1009   -1 1424 1335
 915   -24.004   -15.569    -0.509  908   -1 1297 1179
 916   -31.868    26.332     6.561   -1  288  510  395
 917    15.312    -6.361    -0.772  783   -1 1072 1006
 918     0.787    17.008     3.526  410   -1  663  563
 919    13.505    33.693     0.484  202   -1  338  250
 920   -32.058    40.904   -15.127  113   -1  204  132
 921    26.771   -19.901   -13.619 1007  925 1317   -1
 922    46.199    29.514   -17.756  252   -1  383  317
 923    -8.458   -20.782    -6.970 1006  930   -1 1265
 924    26.121     0.649    16.565  654   -1  963  903
 925   -36.497    12.206    13.307  460   -1  777  661
 926    -8.123   -16.412    12.051  941   -1 1308 1242
 927    22.710     8.207    10.642   -1  563  806  733
 928    50.117   -14.465    13.745  925   -1 1239 1216
 929    13.097     1.794     8.108  621   -1  950  838
 930   -40.159    44.668    16.923   -1   72  163  104
 931   -45.382   -24.311     8.174 1035   -1 1442 1331
 932    29.312    11.025     1.988  492  523  770   -1
 933     6.006    52.326     2.796   25   -1   45    5
 934    14.082   -20.653   -12.760 1027   -1 1328 1262
 935    37.528    48.530   -12.732   -1   48   99   47
 936   -29.885    10.493    15.647  490   -1  800  688
 937   -17.128     7.600    12.757  530  554   -1  738
 938    39.020     2.257    -6.129  631   -1  879  834
 939    40.278   -35.021    15.711   -1 1092 1601 1516
 940   -49.246    17.923    11.593   -1  395  665  573
 941    50.120    -8.640     8.687  818   -1 1147 1065
 942    23.616   -32.367     7.306   -1 1056 1576 1492
 943   -37.505    -4.541     4.172  720   -1 1095  954
 944    -3.508    22.124    13.045  348  348   -1  473
 945   -60.386   -27.638    -5.414 1060   -1 1503 1359
 946   -27.727    47.928   105.722   93   -1  155   99
 947    39.830    37.691    -7.684  146   -1  253  189
 948    17.017   -32.390     5.395   -1 1038 1559 1504
 949    25.624   -20.585    15.975 1005   -1 1378 1295
 950   -27.754    20.197   -10.365  363  384   -1  483
 951   -21.710    11.376    -6.778  473   -1  758  659
 952    31.742   -29.316    14.893 1097   -1 1500 1442
 953   -26.276     5.542   -24.719   -1  588  848  716
 954    -9.810    27.658   -27.380  260   -1  432  347
 955    45.089    16.990   -24.046  414   -1  605  551
 956   -25.824    -7.560     1.841  765   -1 1157 1018
 957   -23.651    31.685     9.876   -1  213  415  293
 958    -7.985   -13.561   -21.183  911  848   -1 1110
 959   -60.024    -2.072     9.302  686   -1 1043  930
 960   -19.308    -7.965    22.904  775   -1 1192 1082
 961    13.925    47.671    -6.016   64   52   -1   57
 962   -36.584    36.604   -17.056  163   -1  290  195
 963   -63.148    37.970    -5.987  136  130   -1  201
 964   -50.982   -15.725   -17.990  929  878 1255   -1
 965     6.340    30.683   -26.756  218   -1  375  299
 966    -9.493    -9.774   -15.449  841   -1 1136 1044
 967   -10.007   -34.486   -16.361   -1 1100 1557 1469
 968   -51.263    39.466    -8.867   -1  122  247  147
 969   -62.160    34.275    16.774   -1  162  387  274
 970    36.670   -25.939    -7.802 1080   -1 1389 1362
 971     5.452     0.386    -5.632  651  666   -1  851
 972    -0.007   -24.807   -16.329   -1  973 1394 1297
 973    15.790    19.063     4.538  378   -1  642  534
 974   -58.692    17.711    -9.003  376  413   -1  547
 975    23.541   -16.633    17.791  940   -1 1320 1258
 976   -25.147   -16.091    17.509  901   -1 1343 1224
 977    11.083    -5.688    -4.778  762  762 1050   -1
 978   -64.202   -20.477     4.274  965   -1   -1 1267
 979   -21.104    53.290    -6.261   11   18   -1   -1
 980    44.625   -15.920     8.205  951   -1   -1 1236
 981    55.642   -35.213    23.378   -1 1089   -1 1519
 982   -66.401   -23.182     5.288 1002   -1   -1 1301
 983    31.838    -3.025    25.380  701   -1 1051   -1
 984    54.994   -35.016     3.468   -1 1094   -1 1511
 985    56.614    -5.985    21.804   -1   -1 1094 1055
 986    43.441    57.200   -22.997   -1   10    1   -1
 987   -44.758    54.249     2.630   -1   13   30   -1
 988    45.266   -25.700     7.840 1067   -1   -1 1380
 989    47.718    24.408   -16.721  306  337   -1   -1
 990   -20.252   -30.373    -8.331 1105 1023   -1   -1
 991   -56.821    20.610     1.142  355   -1  622   -1
 992   -64.323     8.787     0.610  496   -1   -1  713
 993    44.464   -33.814    17.329   -1 1061 1600   -1
 994    57.109    19.260    20.533   -1   -1  635  546
 995    47.610    -5.662    15.185  764   -1 1084   -1
 996    -9.226    32.047    21.110  228   -1   -1  295
 997   -60.759   -31.894   -17.003   -1   -1 1558 1404
 998   -49.405    53.805   -21.147    2   -1   33   -1
 999   -39.860    55.654    13.370    3   11   -1   -1
1000   -18.877    56.232    -2.393   -1    6   14   -1
1001   -47.675   -20.515   -17.330   -1   -1 1365 1230
1002   -52.947    48.686   -33.736   36   -1  100   -1
1003   -54.589   -30.840   -12.576 1108   -1 1520   -1
1004    56.145   -13.508    12.247   -1   -1 1229 1181
1005   -60.832    -3.129   -18.514  681  711   -1   -1
1006    48.205   -25.594   -16.222 1077   -1 1382   -1
1007    27.539    10.012   -10.270  509   -1  751   -1
1008    33.066    44.712    24.606   -1   -1  149   97
1009   -19.652     5.733    -3.167  559   -1  863   -1
1010   -58.734    26.113    15.439   -1   -1  521  420
1011   -52.290    52.360   -14.509   -1   -1   43    8
1012   -59.868    13.941    23.576   -1   -1  781  632
1013    29.622   -21.135    11.576  993   -1   -1 1319
1014    46.945    35.014    -9.402  190   -1   -1  211
1015    33.425    54.399   -13.234   -1   17   16   -1
