1091
   1    22.567    40.604     9.206  152  173  223  195
   2    10.418    13.442     9.931  522  518  736  705
   3   -21.714    35.780    10.291  207  212  342  281
   4    24.492    35.311    10.095  221  234  337  286
   5   -25.713    45.357    12.202   99   93  154  126
   6   -26.049     1.260    12.170  696  691  969  947
   7    22.641    30.386     7.126  295  305  416  368
   8    38.975    50.251     7.002   49   62   63   27
   9     1.485    -6.714     7.171  839  812 1115 1103
  10    14.007    15.828     4.854  493  489  692  660
  11    27.333   -30.255     6.841 1199 1131 1526 1556
  12    14.425   -31.250    10.739 1218 1118 1607 1610
  13    38.281    11.260    -0.685  568  562  754  733
  14   -17.295    44.448    29.247  113  118  180  149
  15   -48.240    34.302    12.037  230  222  381  308
  16     9.086   -14.543    10.650  969  927 1256 1281
  17    37.539    22.849    11.094  392  405  554  526
  18   -48.963    16.555    10.240  476  465  707  652
  19   -10.997     1.718     4.130  695  692  930  924
  20   -15.606    26.513     8.393  337  342  506  454
  21   -22.958    48.920     0.296   60   49   97   67
  22   -17.378    47.982    12.435   74   67  118   89
  23     8.543    29.070    11.744  306  319  455  398
  24     6.126    10.008    11.253  577  570  802  767
  25     8.104    33.323    10.549  245  249  379  324
  26    14.514    47.357     9.112   81   84  120   90
  27   -10.497    36.905     1.446  192  199  311  255
  28    15.704   -13.129     5.014  957  906 1218 1237
  29     6.485    13.071    11.298  527  523  746  714
  30   -33.224    -9.339    10.663  866  844 1191 1157
  31   -35.285    29.908     6.938  293  290  445  381
  32    12.537    49.311    -9.358   50   57   80   49
  33     8.995    43.390     8.860  115  132  178  151
  34    -5.301    37.288     2.723  188  194  298  248
  35   -11.498    19.397     3.418  438  437  634  598
  36   -17.424   -20.015     7.099 1046  985 1360 1354
  37    39.247    10.552    12.395  582  559  778  760
  38    -4.448    34.247    -0.226  228  232  358  303
  39    19.927     8.467     9.704  608  597  815  787
  40     1.066    22.586     9.731  390  391  565  531
  41   -33.788    51.617     6.722   28   27   60   21
  42    -6.849    39.890     0.960  159  167  242  206
  43     2.521     3.121    11.256  677  666  914  912
  44    17.029   -20.598     8.062 1073  995 1356 1376
  45   -45.817    15.413    18.056  492  469  742  681
  46    39.202    46.604     2.933   87  109  115   93
  47    23.072   -31.202    -2.115 1224 1164 1530 1558
  48     5.811    48.165    11.436   70   68  112   84
  49    37.905    50.420     6.660   47   56   66   26
  50    29.811   -29.289    13.370 1182 1097 1520 1562
  51    13.472    21.750     6.636  405  414  576  555
  52   -13.487     7.001     8.036  614  606  850  812
  53   -12.681    49.983    -1.218   42   44   77   41
  54     4.651   -29.411    -4.327 1197 1112 1482 1510
  55    37.407    13.424    -0.082  530  525  720  696
  56   -47.500     7.750    -7.974  602  593  834  779
  57   -14.711   -29.968    12.458 1172 1102 1597 1540
  58    13.435     0.989     7.473  716  708  936  949
  59    14.106    41.641    11.947  139  153  211  183
  60    19.514    21.766     7.909  410  416  572  554
  61    39.392     4.699    11.999  662  650  870  894
  62    -0.112   -23.806     7.568 1106 1030 1413 1430
  63    39.135   -31.914     8.391 1245 1137 1576 1632
  64   -27.341    15.534     4.422  488  482  714  663
  65    23.130    11.515     6.196  560  544  767  735
  66   -44.785   -30.856     1.315 1190 1139 1616 1521
  67    -5.924    -6.527    11.716  830  803 1129 1105
  68   -26.800    17.436     5.186  463  461  674  633
  69    19.353    30.756     7.908  291  299  411  362
  70     7.948    13.390     0.231  525  519  730  693
  71    25.472    41.595     6.778  138  160  206  177
  72   -28.974    31.758    10.290  266  259  408  351
  73   -21.152   -15.902    10.286  982  944 1314 1303
  74    20.420   -31.865     4.829 1240 1153 1588 1603
  75   -16.942    27.550     7.767  329  327  492  438
  76    10.893    20.245     7.618  432  432  612  589
  77   -21.335    43.133    13.422  118  124  194  157
  78    13.859    18.525     8.291  458  454  641  620
  79    -1.545   -30.818   -11.672 1229 1159 1502 1522
  80   -17.533   -29.922    14.112 1168 1101 1606 1544
  81   -11.268   -26.245     4.652 1138 1057 1461 1466
  82    21.030   -13.045    10.364  953  901 1225 1250
  83    42.024    28.295     5.446  321  338  446  402
  84   -15.703    -0.309    10.391  731  723 1000  973
  85   -14.374    39.415    -3.901  161  172  252  213
  86    14.304    42.336     9.732  127  143  197  170
  87     8.882    34.709     7.454  225  235  350  302
  88     4.308   -24.599     2.639 1121 1043 1416 1432
  89   -29.203    33.584    -0.647  232  236  375  314
  90    24.207    18.866     7.585  453  453  633  612
  91     6.945   -29.560    -7.768 1206 1115 1484 1500
  92   -60.713     5.203     3.939  631  615  897  846
  93    40.631     1.242   -16.104  734  722  882  910
  94    10.874    -3.684     7.232  789  766 1046 1038
  95    20.823   -22.545     7.508 1101 1021 1373 1417
  96    -8.391   -20.225     9.887 1052  988 1361 1368
  97   -11.690    20.469     6.129  421  420  618  579
  98   -12.922   -11.131     9.418  920  870 1213 1200
  99    12.235     8.837     7.224  596  591  810  782
 100     5.108    -1.050    11.821  748  736 1006  992
 101   -26.302    46.438    19.822   92   78  146  111
 102     0.700   -31.023   -12.868 1231 1186 1507 1523
 103    18.089   -32.092     3.728 1241 1157 1596 1609
 104    -3.928   -20.936     6.304 1066  998 1365 1369
 105   -13.139    47.377     8.257   78   70  123   95
 106    -6.361     2.543    17.177  681  677  932  930
 107    -6.146    -9.490     6.962  888  851 1172 1162
 108   -49.617    30.600    -4.871  273  269  427  356
 109    22.812   -29.202    14.322 1178 1099 1528 1549
 110   -29.585    28.435     4.704  310  313  473  409
 111     2.213    27.330     9.948  332  336  491  441
 112    14.337   -26.392    11.674 1144 1055 1464 1490
 113     8.948   -30.273   -20.637 1233 1158 1471 1494
 114   -49.713   -11.671     0.576  917  877 1226 1182
 115    14.085    -9.094     9.194  889  847 1155 1168
 116    35.962    28.102     3.544  324  341  460  403
 117    30.250   -30.602     3.582 1223 1127 1525 1552
 118    -8.002   -15.400    10.457  979  937 1289 1293
 119   -22.105   -20.729    11.742 1050  989 1385 1375
 120    37.783    50.173     1.663   56   65   59   23
 121    18.714   -31.545    13.395 1219 1128 1601 1637
 122   -10.458    10.556     6.496  565  554  793  747
 123    14.077     3.981     7.558  667  653  884  892
 124   -15.476    21.335     7.727  409  410  602  564
 125    26.487     1.129    18.921  719  704  949  967
 126    -5.456   -16.937     9.261 1013  956 1321 1317
 127   -48.682    40.738     9.917  145  142  244  203
 128    28.806    36.640    19.434  206  219  316  271
 129   -39.566   -27.902    11.081 1155 1073 1543 1506
 130     7.475    22.161     8.849  397  407  568  544
 131   -60.626    30.135     5.213  286  270  451  379
 132    37.382   -19.322    -2.065 1065  986 1316 1340
 133    39.132    -6.593     1.525  846  828 1067 1111
 134   -10.055   -30.971     3.653 1210 1126 1571 1543
 135   -56.500    47.402     4.351   69   51  134   97
 136    16.151   -30.893     6.633 1214 1124 1552 1577
 137     4.113   -16.716     7.703 1014  955 1304 1312
 138    24.176    22.978     8.443  386  392  548  522
 139   -31.591   -15.418    -5.337  980  948 1270 1253
 140    -6.430    18.005     7.974  461  458  657  627
 141   -50.101   -22.526     9.539 1080 1010 1427 1398
 142    17.676   -17.420     8.439 1025  962 1315 1330
 143   -50.008     8.007    10.422  597  577  854  795
 144    36.746    11.273     1.890  567  560  752  728
 145    38.908    41.992   -10.329  130  148  190  158
 146   -18.318    -5.025     9.551  799  782 1103 1065
 147    -2.604   -11.110     8.809  923  872 1204 1204
 148   -38.215   -23.005    11.977 1089 1020 1433 1415
 149    -7.552     3.385     4.754  671  659  904  898
 150   -62.137    24.579     9.191  355  350  552  486
 151     1.784    -7.095     3.927  853  814 1116 1102
 152   -48.707     9.376    -2.318  573  568  818  753
 153     2.097    32.431    -5.709  249  260  382  330
 154   -48.908     5.780     4.619  625  612  885  813
 155    10.376    -4.379     7.344  801  778 1059 1050
 156    19.116    41.164    15.884  148  163  222  191
 157    13.096    12.467    12.026  537  530  759  724
 158   -30.372    -5.022     7.041  795  779 1105 1056
 159   -19.150    39.786    -3.750  153  165  240  205
 160   -18.963    30.907    -6.524  279  280  403  354
 161   -30.707    42.217    11.775  128  129  213  180
 162   -11.742    -9.170     7.499  882  846 1168 1150
 163    28.127   -29.847    23.096 1180 1092 1578 1613
 164   -20.051   -19.919    12.445 1042  975 1367 1362
 165   -11.285     9.090     8.979  586  579  819  777
 166    14.518    -3.253     4.446  782  758 1027 1020
 167   -35.974   -26.819     6.041 1136 1058 1497 1470
 168   -23.946    39.617    -4.337  154  158  250  210
 169    23.567     6.086     8.128  639  628  849  838
 170   -10.446   -21.051    11.648 1063  996 1377 1386
 171   -11.384    25.951     8.033  347  348  515  467
 172    -4.960   -26.466    -1.130 1149 1068 1450 1451
 173   -34.928   -15.916    10.537  973  945 1324 1299
 174    -8.096    -9.896     6.312  896  855 1182 1171
 175   -57.220    17.981     2.704  451  438  682  617
 176   -61.975     3.127    10.516  661  639  940  905
 177   -60.686    33.692    13.339  233  226  392  326
 178     5.485    35.674     3.939  208  223  328  278
 179   -29.070   -11.685    12.172  919  874 1233 1213
 180   -15.352    17.094     8.125  478  468  683  643
 181    38.963     3.144    18.596  698  663  900  933
 182   -12.026     4.068     8.532  659  642  899  885
 183   -33.118     4.616    11.072  646  633  905  877
 184    -0.340   -21.325    12.955 1076 1001 1380 1394
 185   -17.444    -2.761     8.228  760  749 1045 1013
 186    15.144   -29.671   -13.553 1212 1123 1477 1501
 187   -12.702   -29.607    17.692 1174 1089 1593 1546
 188    22.398     9.613    14.466  587  578  805  778
 189   -62.338    42.858    15.552  120  111  209  174
 190    24.613    -0.828     6.903  750  739  976  984
 191    -0.539     0.821     9.993  712  707  955  955
 192   -21.375   -12.503   -10.069  936  902 1209 1187
 193     1.212     3.958     9.316  664  649  896  896
 194   -55.899    -0.116   -10.566  711  714  986  936
 195    17.119     3.309     6.878  678  673  895  906
 196    28.049    18.729     7.078  454  462  635  615
 197     9.012     2.930     8.363  682  679  909  911
 198     8.887   -29.346    -5.466 1193 1104 1488 1507
 199   -22.296    -3.769    11.797  771  756 1076 1042
 200   -61.913   -14.143     6.822  943  904 1296 1242
 201    14.493   -32.224     9.107 1236 1167 1621 1630
 202   -28.446    -8.539     3.720  867  830 1169 1120
 203   -26.443    30.551    10.366  287  285  434  373
 204     3.631    42.599     5.446  124  136  193  162
 205     8.903   -26.405    -2.599 1157 1074 1438 1452
 206    -4.435    -5.500    12.321  818  792 1108 1088
 207    10.384    -9.105     9.337  887  845 1159 1165
 208   -28.491    -3.799    20.326  768  753 1094 1063
 209     8.541   -11.974   -19.646  948  903 1160 1169
 210   -48.192     0.676    11.430  691  694  996  969
 211   -41.324    31.548    19.255  263  250  439  364
 212   -39.263   -25.656    11.576 1116 1042 1489 1463
 213   -29.100    50.581     4.236   37   36   72   34
 214    18.942    -0.862     6.304  749  737  980  983
 215   -12.333     6.644     8.500  618  610  856  823
 216    29.332    -9.422    -4.354  909  862 1132 1146
 217    -2.478    25.073    15.938  360  364  533  480
 218   -14.547    39.043    14.053  173  177  280  223
 219   -53.324    15.907   -19.460  466  479  698  635
 220    38.680    -9.514    -0.479  926  860 1118 1160
 221    26.379    17.924     9.197  471  471  645  629
 222   -61.660   -15.642    14.792  956  929 1338 1297
 223   -30.212     0.837     2.875  705  703  960  937
 224   -14.367    -2.577    13.731  757  747 1051 1016
 225   -17.040    13.548    17.864  512  502  762  711
 226    39.144    38.051     2.235  183  203  259  235
 227   -62.194    -8.372    11.747  841  826 1192 1129
 228   -34.540     9.756    10.369  572  565  816  761
 229   -30.074    46.587     9.239   88   69  140  109
 230   -48.813     2.988     5.925  654  661  928  902
 231     4.617    17.840     9.047  465  463  658  631
 232     5.240    42.083    18.361  135  147  207  179
 233     5.152    -5.534    10.535  822  796 1100 1089
 234   -27.264    -3.823     5.871  772  759 1069 1026
 235    11.432    28.406    -8.456  307  328  454  393
 236    24.701   -26.155     9.440 1150 1053 1443 1483
 237    16.287     0.403    11.673  724  716  961  970
 238   -60.218   -12.673    10.817  925  883 1267 1220
 239   -21.354    45.725     6.664   90   80  150  117
 240   -28.396    12.854     8.366  524  508  770  713
 241   -39.704   -15.418     4.648  972  947 1293 1268
 242   -24.771     9.581    12.341  575  569  823  772
 243    -5.576    18.853     9.270  446  445  644  613
 244   -14.793     6.053    11.159  626  614  875  843
 245   -49.001     7.911    14.570  598  582  860  798
 246   -14.180    37.008     8.004  193  197  315  259
 247    38.410    26.865     9.697  341  353  482  445
 248    35.811   -26.652     2.317 1164 1077 1424 1478
 249   -20.252    41.003    12.337  146  150  230  197
 250    38.251    10.912    20.899  563  557  791  770
 251    42.121    36.874     6.694  200  216  292  253
 252    39.533    -6.706    11.036  860  808 1104 1121
 253   -15.421   -25.987    -4.760 1145 1061 1425 1440
 254    12.067    -4.734     9.631  812  785 1072 1066
 255   -56.604    16.939     4.697  467  457  705  638
 256   -51.869    30.406   -14.974  258  264  419  372
 257    11.270     7.385     8.235  616  607  835  807
 258    -4.914    38.676    14.184  176  182  283  236
 259    10.744    29.407     7.129  303  317  437  389
 260   -53.369   -22.523   -19.631 1091 1029 1378 1343
 261   -49.775     1.583     9.101  685  680  981  935
 262   -17.586    29.943    12.787  294  294  450  386
 263    20.620    -5.010     8.947  820  793 1070 1077
 264    19.450   -30.037    -9.322 1215 1140 1491 1512
 265    11.090   -20.268     8.837 1061  990 1349 1370
 266    14.236     2.714     7.378  686  685  908  915
 267   -29.839   -14.304    12.824  955  913 1284 1272
 268    17.869   -26.094    -7.727 1159 1080 1418 1436
 269    38.637     7.141    14.892  634  619  824  835
 270   -32.934     1.243    11.698  697  690  971  943
 271    -6.163    12.402     8.400  535  526  768  722
 272    22.734   -32.219     5.875 1239 1189 1609 1608
 273    39.404    -4.281    11.286  816  791 1047 1060
 274    -1.682    22.409   -12.702  389  393  543  504
 275   -53.529     7.986    13.416  589  585  857  797
 276    18.276   -30.657    11.733 1211 1108 1551 1590
 277   -13.632   -16.065     9.425  987  946 1313 1305
 278   -20.973   -14.937    -4.128  976  940 1262 1239
 279   -46.397    47.268    10.150   75   61  136  101
 280   -11.586   -30.166   -10.327 1203 1141 1503 1509
 281    15.362   -31.507     4.735 1238 1150 1555 1580
 282   -42.722    49.419   -18.904   41   35   91   56
 283   -17.544   -14.142    15.300  952  909 1287 1276
 284   -27.032     5.743     3.139  636  616  874  832
 285    -5.427   -31.844    -2.648 1226 1184 1558 1557
 286     6.535    -5.446    10.743  821  794 1099 1090
 287   -11.806    46.806   -49.001   65   60  105   86
 288    -7.805   -20.929     2.560 1074  999 1363 1364
 289    25.868   -13.619    12.803  961  910 1248 1261
 290   -15.469    13.808   -19.772  509  503  709  666
 291     6.281    38.223     3.099  180  188  269  234
 292   -24.043     5.038    11.006  648  625  881  882
 293   -21.927    38.436     9.370  177  181  284  237
 294    22.933    -9.163   -12.329  911  857 1117 1118
 295    11.830    32.057   -20.562  250  276  370  322
 296    30.589   -32.718   -12.259 1249 1206 1516 1578
 297   -59.018    24.136     8.023  357  361  560  496
 298   -49.954    -0.042     3.750  722  711 1004  946
 299   -19.661    24.138   -24.044  359  377  509  470
 300    13.675   -30.427   -21.153 1232 1187 1481 1486
 301    10.275    16.514    10.874  487  478  688  655
 302   -48.298     9.971     3.944  570  542  826  740
 303    -9.001   -13.401    21.097  946  889 1254 1283
 304   -17.561    -8.983    -8.397  873  852 1142 1122
 305   -17.884   -26.219     0.940 1143 1060 1456 1453
 306    17.301    40.538    16.211  165  166  232  204
 307   -49.794   -30.322   -18.348 1187 1142 1534 1479
 308    26.232    20.300     8.319  430  434  617  585
 309    39.302    21.102    12.167  427  422  575  584
 310   -17.285   -17.205    11.576 1007  957 1333 1322
 311    19.172    36.954    -9.984  187  205  282  252
 312    36.048   -24.859     5.061 1134 1036 1408 1464
 313     6.769    11.548   -12.843  550  555  749  704
 314    38.940    -1.090    11.167  753  742  956 1007
 315    28.654    36.028    -4.356  204  228  308  270
 316     8.714    20.828    16.593  424  428  614  586
 317    39.934    39.570    10.280  168  190  243  209
 318   -22.784   -25.713   -16.070 1132 1085 1412 1419
 319   -46.792    27.959    11.607  313  315  493  435
 320    13.052   -10.729    13.000  916  865 1207 1203
 321   -49.644     3.774    -2.439  660  644  906  866
 322    22.457    15.716    15.197  498  491  706  671
 323    44.379    47.762     7.536   79   87  114   83
 324   -16.419    -0.547     1.304  738  732  978  962
 325   -52.871   -27.379   -20.637 1154 1100 1451 1427
 326    13.586     5.069     8.461  650  635  873  867
 327   -43.595   -30.288   -10.986 1191 1134 1533 1498
 328   -27.271    -3.404    -4.128  767  757 1035 1010
 329   -52.566    48.937   -21.399   51   33   96   62
 330    12.191   -27.806    15.340 1158 1083 1498 1531
 331   -30.139     2.392     7.553  679  674  931  917
 332   -17.604    43.499    11.114  117  121  185  148
 333    21.074   -12.140     4.150  937  911 1197 1214
 334    38.227    19.638    15.137  443  440  615  623
 335   -48.760    -6.971     2.804  827  805 1156 1087
 336   -34.213    28.965   -14.832  301  295  435  392
 337     1.385    -5.178     7.044  809  797 1085 1076
 338   -47.774    -7.501   -21.729  849  835 1119 1028
 339   -56.366   -14.222   -17.592  950  943 1237 1193
 340    49.418    23.426    -3.107  378  413  523  494
 341   -10.156   -15.554    -0.638 1003  939 1283 1264
 342   -16.142    -8.984     9.208  864  843 1176 1145
 343    36.428    38.461     1.817  179  196  255  218
 344    33.927   -33.207    -0.639 1250 1211 1579 1628
 345    15.845     9.943    -1.414  581  581  784  745
 346   -30.322   -21.636     6.235 1071 1006 1392 1379
 347   -36.200   -21.471   -10.198 1077 1012 1359 1356
 348    11.898     1.490     6.254  715  705  923  926
 349   -48.181    43.557    10.412  105  105  203  159
 350   -33.210    28.026    -8.332  311  310  467  416
 351   -62.665    39.380    12.724  166  151  278  224
 352   -14.835    35.943    -9.901  210  201  317  257
 353    24.305    14.243    12.577  513  509  725  689
 354   -28.771    -7.153   -10.869  843  825 1109 1071
 355    19.167   -29.979    23.542 1181 1094 1600 1631
 356   -63.060   -10.396    12.404  869  850 1235 1179
 357    27.278    -3.050   -13.489  793  780  973  994
 358   -40.860    34.358     6.335  223  225  373  305
 359   -26.747    -9.538   -18.045  894  868 1135 1108
 360   -17.426    19.235    10.655  441  436  642  605
 361    50.664   -14.648     8.794  998  938 1231 1292
 362     1.593   -27.244    12.428 1152 1070 1486 1519
 363   -34.454    -4.425   -19.472  805  784 1038 1000
 364   -57.361     3.808    -4.568  656  641  894  876
 365    -8.403    27.819    14.378  328  329  486  436
 366    20.548    -3.015   -18.152  786  772  990  982
 367   -53.172     1.394    10.606  683  686  979  945
 368    19.137     4.758    21.751  651  636  887  908
 369     7.926    39.660     8.654  163  187  248  211
 370    51.712     4.553    -5.112  672  655  846  871
 371     0.686    30.133    14.922  302  289  436  385
 372    39.307    36.069     1.315  218  224  304  267
 373     6.586   -20.164    16.966 1043  971 1368 1399
 374     5.094    33.547     5.220  235  246  372  318
 375   -52.980    10.527   -20.892  557  545  779  710
 376   -28.390   -21.489     8.613 1069  997 1393 1389
 377    27.485    36.184   -10.197  203  215  301  262
 378   -58.156    -7.848   -12.947  844  832 1134 1093
 379   -22.351    10.435     7.098  564  551  799  752
 380    10.631   -24.843     8.003 1124 1044 1430 1443
 381    47.985    12.998   -12.736  532  539  712  690
 382   -55.895    18.194    21.456  445  427  710  641
 383   -27.962    19.137   -21.481  428  448  629  558
 384    28.199    47.422   -12.981   66   83   99   91
 385   -55.325    37.399   -12.931  181  175  321  227
 386   -28.598   -21.962   -19.405 1095 1025 1351 1345
 387   -22.708    31.429     1.648  269  265  409  347
 388   -20.476     4.957    13.392  643  630  903  873
 389    -8.130    -7.861     9.709  856  815 1150 1133
 390   -11.338   -24.161    -2.962 1120 1040 1404 1405
 391    15.500    15.342    -2.244  494  493  694  670
 392    10.309   -29.910   -19.925 1216 1163 1468 1487
 393   -45.676   -24.677    11.792 1104 1033 1469 1442
 394    36.667    -8.485    -2.106  890  842 1124 1137
 395    11.078    -0.961    11.732  745  734 1001  999
 396    47.948     6.147   -10.044  653  638  811  801
 397   -14.082     5.885    10.406  635  620  872  847
 398    -1.365   -26.343     3.818 1151 1075 1459 1458
 399   -27.143    -6.275    14.384  815  800 1139 1100
 400    48.866    31.714    -8.683  260  307  380  334
 401     5.084    41.270    -6.765  136  157  204  176
 402    19.497   -13.702     0.213  963  923 1217 1245
 403    31.734    51.648    -5.056   22   47   43    4
 404    18.494   -20.406    18.746 1055  980 1369 1411
 405    -6.493    -4.382    14.551  788  769 1097 1064
 406    32.192    33.368    20.943  251  263  383  323
 407    37.501    28.308    -5.436  320  335  438  391
 408     9.645    -4.379    12.109  800  770 1071 1061
 409   -17.115   -16.389    -5.437 1009  958 1276 1273
 410    25.618    21.134   -21.613  420  424  542  523
 411    32.016    -8.896    17.632  886  854 1161 1172
 412    22.862   -30.397     7.082 1196 1138 1531 1550
 413    10.643   -31.372   -20.921 1244 1201 1485 1516
 414   -52.020    26.913   -12.066  334  322  483  428
 415   -19.822   -13.009     6.804  941  899 1236 1224
 416    15.286     1.424    17.309  701  696  950  960
 417     2.661    41.237    16.449  142  162  227  188
 418   -55.989    16.230     3.973  484  459  716  651
 419   -55.840    17.233    -8.363  444  450  690  630
 420    16.136    49.518   -16.997   34   55   81   28
 421   -20.464    35.861     1.583  209  198  344  274
 422    18.512    30.784    12.724  290  298  424  360
 423     6.051    51.929     2.272   19   39   47   10
 424   -39.592   -33.113    14.654 1220 1185 1646 1622
 425   -14.226    49.120     8.619   62   48  101   75
 426   -44.978    27.252    10.924  330  316  514  447
 427   -49.239   -17.115     3.641  990  959 1340 1282
 428   -17.742    -1.731    10.303  751  730 1034 1005
 429   -24.264     5.429     7.602  630  626  883  857
 430     6.181    23.951    -5.404  364  384  529  482
 431    -9.173    -9.992   -12.969  914  861 1149 1132
 432    17.086    33.634    -1.353  224  262  363  313
 433    17.123    25.728    11.852  352  365  516  474
 434   -43.943   -18.811   -23.119 1039  992 1323 1274
 435    30.132    28.652   -13.807  314  334  415  380
 436   -52.622    40.860   -15.312  131  133  219  184
 437   -50.246    -8.858     9.597  851  836 1195 1141
 438    40.213    12.148   -17.931  547  566  724  685
 439     9.817    22.303     8.943  399  408  563  534
 440   -52.187    51.249   -16.984   25   18   55   17
 441   -27.233    18.263     3.096  448  447  667  609
 442    -6.717    -6.684     8.625  828  820 1121 1101
 443    27.582   -31.536    10.454 1221 1133 1594 1625
 444    -7.232   -20.173     2.734 1048  994 1355 1351
 445     1.682     0.004    10.479  732  713  982  971
 446   -27.307    43.207    17.037  121  130  195  153
 447     1.811    -8.676    10.359  868  839 1174 1140
 448   -18.267   -11.692   -15.509  930  900 1185 1158
 449     9.818   -14.185     6.842  986  915 1239 1262
 450   -28.302   -13.117    17.535  931  893 1275 1249
 451   -16.950    32.146    13.815  268  261  397  345
 452    32.749    34.951     7.753  219  247  351  290
 453   -51.938    13.924    -5.196  507  486  739  680
 454    40.732    13.878   -18.375  520  529  670  675
 455   -51.732   -28.812   -16.861 1163 1106 1487 1467
 456   -16.029    16.607    -0.034  477  473  689  650
 457   -29.403   -14.487     5.538  962  919 1269 1270
 458   -53.189   -23.050    13.556 1072 1015 1448 1418
 459    50.067    30.367     3.516  299  309  412  367
 460    30.229   -29.706    -0.110 1204 1129 1501 1525
 461   -58.371     1.999    -2.489  674  678  954  904
 462    25.120   -17.876   -18.627 1044  979 1265 1287
 463   -61.844    32.675    10.134  240  240  407  337
 464   -13.189    26.154     6.774  344  347  507  460
 465    13.806    -7.692   -19.164  883  840 1073 1084
 466    -1.873    -4.423    17.569  794  771 1088 1079
 467   -23.140    -1.066   -15.996  739  743  967  951
 468   -18.398     5.542    10.419  641  624  880  856
 469   -20.981   -26.861    -3.853 1142 1087 1466 1447
 470    21.202   -17.742     6.817 1032  966 1322 1324
 471    -6.349    22.140     4.936  412  389  567  536
 472   -47.326     7.705   -14.970  600  588  840  765
 473   -53.323     5.237    15.642  627  618  898  881
 474   -50.905    31.000   -11.548  270  255  417  342
 475   -50.643    47.003    -6.584   64   64  129   99
 476    50.138    -8.022    -6.638  898  849 1083 1110
 477    20.946    -6.339    16.322  835  804 1123 1116
 478    10.342     4.770    -1.071  657  654  864  851
 479     7.336   -29.732   -11.005 1202 1147 1494 1484
 480   -10.355    35.370     1.022  205  221  346  284
 481    -8.724   -27.926    19.655 1146 1063 1536 1542
 482    16.667    46.837    -6.658   76   96  113   98
 483   -23.128    11.619    14.017  540  535  792  739
 484    35.689    49.413     6.329   54   76   82   46
 485    25.513     0.801    15.663  725  715  947  964
 486    18.286    -1.678    17.292  759  738 1019 1014
 487   -27.354    13.718    15.795  511  500  747  709
 488     1.666    24.008    12.492  366  381  546  502
 489   -12.778    -9.174    -4.280  878  863 1148 1123
 490   -17.139     1.377   -14.127  704  710  918  897
 491    -3.473    -1.737   -14.077  758  755  958  959
 492     0.844    19.339   -11.687  433  443  625  580
 493    45.259    30.669    -0.072  296  311  394  352
 494     6.294    26.510   -19.968  338  354  465  419
 495   -21.241     1.581   -23.641  694  718  902  878
 496    19.808    -5.452    -7.081  838  809 1044 1046
 497     5.792    12.926    12.061  531  517  766  717
 498    23.531    45.223    18.721   98  117  153  129
 499    17.116   -22.362    15.084 1098 1019 1403 1416
 500     2.742    -6.607    12.108  836  810 1126 1109
 501    10.793   -30.053     7.376 1198 1103 1515 1563
 502     5.419    17.577    -1.315  460  474  647  632
 503    12.092     0.457   -15.865  733  727  913  925
 504    18.672   -29.486    -1.983 1185 1109 1490 1527
 505    -9.960    11.685    10.420  546  534  781  738
 506   -52.141   -25.416   -20.888 1122 1069 1432 1388
 507   -42.330   -25.842   -12.355 1131 1050 1435 1424
 508   -23.907   -11.218    19.056  907  856 1241 1217
 509    20.941   -28.936   -10.240 1176 1121 1457 1496
 510    14.168   -12.434     2.615  949  885 1215 1233
 511   -27.305   -26.193     0.559 1135 1062 1458 1437
 512     2.947    49.652   -20.955   35   46   89   29
 513    27.652   -31.221     7.214 1225 1136 1529 1614
 514   -61.743     5.758    20.150  624  595  917  874
 515    -5.911    13.692     3.671  506  507  735  698
 516   -14.522    -3.285     7.259  780  746 1057 1024
 517    22.441    16.951    -7.282  479  481  648  637
 518     9.940    30.566    -5.049  288  300  405  357
 519     9.872    43.263   -15.561  112  125  166  140
 520    15.454   -17.353    19.699 1015  953 1337 1344
 521     3.252    31.167    14.785  272  278  423  371
 522     0.326   -12.607   -17.210  945  918 1184 1188
 523    16.080    10.393    20.374  566  572  804  773
 524     4.537   -14.935    21.072  985  912 1277 1310
 525     2.781    34.416    -6.413  226  238  340  291
 526    19.827   -26.664     9.924 1156 1056 1479 1489
 527     3.290    26.867    -7.293  331  337  470  452
 528     1.576   -15.517    18.691  977  933 1302 1323
 529    -8.758   -11.652   -14.776  935  895 1177 1144
 530    -4.797    23.030     0.768  375  388  540  521
 531    -0.487    21.661    18.987  406  398  588  592
 532   -55.542   -22.643    -7.799 1093 1017 1406 1360
 533     0.113    -5.268     8.952  819  786 1084 1092
 534   -49.142    -3.799    -4.433  773  767 1060 1004
 535   -18.402   -10.479    -1.002  902  871 1181 1159
 536    -5.908    -5.129   -10.297  810  799 1063 1036
 537   -33.871   -21.849    16.261 1075  993 1415 1406
 538   -12.783     9.202   -12.631  588  575  783  762
 539    51.450     9.288     3.533  591  599  797  771
 540    -6.350   -31.792     4.454 1217 1193 1582 1595
 541   -16.358    22.564    -4.499  371  404  559  514
 542   -16.119    23.841   -26.326  368  380  517  457
 543    10.921     8.602    11.869  609  580  825  792
 544     2.833   -20.606     6.197 1078  987 1364 1359
 545     5.474     3.942   -19.535  663  675  869  829
 546   -38.720   -14.452     1.684  947  922 1288 1244
 547    14.405   -25.749     3.386 1133 1066 1444 1446
 548    -4.548   -12.906     0.887  944  897 1212 1235
 549   -19.288    33.249    23.608  244  241  398  343
 550    10.994    25.493   -16.806  356  352  497  444
 551    20.890    51.071    11.669   45   52   50   13
 552   -60.546   -25.543   -16.915 1115 1082 1434 1400
 553    10.655    -9.466    11.644  884  853 1173 1184
 554   -19.251    30.007    -7.002  289  301  429  355
 555     8.526   -30.780    11.884 1200 1107 1618 1579
 556   -55.240    32.613    -6.401  237  242  391  328
 557    50.733     5.274    10.621  658  658  852  863
 558   -12.203    19.113     7.938  440  446  631  614
 559   -34.692    -6.376     9.794  811  807 1146 1083
 560    38.967    40.696     6.614  151  168  217  199
 561   -10.703    32.039     2.970  267  268  389  335
 562   -19.344    44.383   -16.447   93  108  149  121
 563    -4.094    12.738     1.592  514  533  764  701
 564   -45.038    39.118    17.498  171  161  305  222
 565    10.964    24.421    19.135  370  369  545  491
 566   -56.482     4.565   -18.210  642  640  867  826
 567   -14.570    -2.470   -21.974  763  761  963  978
 568    29.445   -13.465     1.216  975  914 1220 1229
 569    14.170   -31.104    -1.113 1237 1144 1523 1567
 570    22.696    25.752     9.895  362  366  496  462
 571    -0.562    44.218    -3.118  110  116  148  130
 572    21.115    15.231    17.617  503  484  721  687
 573   -27.601     3.634   -18.093  675  664  871  839
 574   -59.097   -17.817   -16.232 1021  968 1310 1288
 575    -3.823    36.898   -11.989  191  202  274  249
 576   -18.721    44.900     9.873   95  113  159  138
 577   -39.148    44.793    13.413  102   99  158  142
 578   -40.444    -8.927    18.420  876  824 1198 1170
 579    16.252    -2.565   -10.201  764  776 1005  979
 580    50.769    15.722     1.914  499  521  669  657
 581     6.878    10.651    15.296  561  571  796  756
 582   -44.823   -13.520    19.678  939  880 1291 1280
 583    16.245     2.001    16.506  714  683  919  954
 584   -27.200     9.972   -10.328  569  550  788  755
 585    -4.003     0.538     4.335  737  701  933  958
 586   -33.598   -24.461   -17.611 1108 1067 1402 1382
 587    -9.393    27.179     6.942  325  333  508  437
 588   -33.492    16.517    18.087  472  476  711  661
 589   -60.990    36.722    -0.446  197  184  310  269
 590   -28.825    35.650     5.115  214  213  354  265
 591    20.729   -28.735   -17.020 1175 1122 1455 1471
 592     4.089   -14.497    -4.855  992  934 1224 1234
 593   -26.145   -11.640    -0.117  912  882 1214 1198
 594   -36.452   -27.248    12.259 1126 1059 1553 1488
 595   -49.103    19.353     5.624   -1  423  650  600
 596   -34.813    27.075   -18.303  316   -1  479  415
 597    38.919   -17.204    15.512 1027   -1 1312 1339
 598    43.079    -7.065     5.354  861   -1 1096 1113
 599   -32.617   -29.029     6.735   -1 1095 1548 1520
 600   -48.814    17.963     7.281   -1  441  686  622
 601    49.286    38.888   -10.912  170  200  237   -1
 602   -49.312    25.630     3.846   -1  340  528  471
 603    40.168    53.738   -13.471    6   26   12   -1
 604    12.521   -22.596   -22.004 1110   -1 1339 1352
 605   -52.945    19.857   -24.183  416  421   -1  552
 606   -49.302    22.121     2.261   -1  386  593  529
 607    37.950   -21.498     4.195   -1 1016 1348 1391
 608   -49.143    20.549     5.612   -1  409  632  577
 609    26.745   -20.136   -19.888   -1 1013 1299 1326
 610    20.028   -19.871     9.003 1059   -1 1343 1366
 611   -51.829    18.548   -14.795  436  444   -1  591
 612    20.409   -31.449    12.112   -1 1125 1603 1619
 613    48.896    43.218     6.762  123   -1  170  144
 614   -52.087    22.802   -11.879  369  375   -1  499
 615   -49.442    24.292     1.930   -1  356  549  484
 616    28.529    38.683    -9.902  172   -1  247  217
 617    29.722   -13.942   -15.560 1002  931 1201   -1
 618    22.539   -34.076   -11.233   -1 1218 1585 1607
 619   -44.474    54.104    -0.401    3   11   19   -1
 620    24.443   -31.561    -4.571   -1 1169 1527 1548
 621     1.975   -30.139   -12.269 1192 1162 1508   -1
 622    35.687    -3.944    11.243  807  773 1040   -1
 623    23.818    26.498    -6.946  342   -1  476  439
 624   -59.908    -5.486    11.241   -1  775 1141 1074
 625    30.758    10.678   -14.921  574  576  745   -1
 626    -3.733     2.858     9.977  680  671   -1  913
 627   -25.667    50.130     3.523   -1   40   84   39
 628   -59.065    -5.588     9.376   -1  781 1137 1075
 629    43.753    27.948    -1.593  323   -1  449  408
 630   -50.917    43.882   -11.420   -1   94  172  141
 631   -53.232   -11.921   -17.938   -1  891 1200 1147
 632    52.111    44.313   -10.319  104   -1  142  124
 633   -24.025    23.965   -28.489  365   -1  513  466
 634   -21.608    46.926    13.356   86   -1  137  104
 635    53.556    19.099     1.002   -1  464  608  601
 636    53.925    38.539     9.446   -1  206  256  221
 637     1.664    48.309     6.962   67   -1  106   79
 638   -38.500    11.368     0.801  539   -1  787  725
 639    46.781    27.517     6.281  333   -1  468  432
 640    -4.887    -3.270     6.861  774  754   -1 1027
 641   -14.156    -8.208   -16.525  870   -1 1111 1086
 642     1.927   -32.986    10.412 1242 1175   -1 1641
 643    33.723    -4.314    -0.585  814  789 1026   -1
 644   -24.491   -15.628   -20.523 1001   -1 1240 1227
 645    25.522   -32.946     6.031   -1 1190 1612 1638
 646   -49.452    20.936     1.780   -1  397  624  565
 647   -48.297    24.723     5.511  353  355   -1  478
 648   -62.773    18.983    10.828  435  426   -1  611
 649    54.396    49.611    15.881   -1   75   78   36
 650   -24.024    23.076     7.121  377   -1  562  516
 651    23.377    28.137     4.812  322   -1  463  410
 652   -12.413    50.064    11.726   55   -1   85   50
 653    33.898    53.180    -4.389   11   32   15   -1
 654    50.766     7.461     7.642  620   -1  821  809
 655    28.224     1.276     6.792  718   -1  926  944
 656   -62.367   -10.823   -21.024  904  876   -1 1114
 657   -33.316   -13.372     8.602   -1  892 1252 1243
 658    -3.880    48.784     3.867   61   -1  100   66
 659    25.750     6.243    19.213   -1  623  859  869
 660   -26.873    50.144    -1.674   -1   38   76   55
 661   -37.737    37.436    -8.196  178   -1  302  243
 662    21.915   -29.527    23.218   -1 1091 1575 1598
 663   -10.411   -16.850     9.301 1008  954   -1 1314
 664    22.932   -30.328   -14.103   -1 1155 1475 1518
 665   -53.122    29.682   -20.396  285  279   -1  363
 666    36.671     2.376   -17.813  707   -1  868  888
 667   -47.090    42.630    13.112  122  120   -1  175
 668    37.869    -8.285     9.755  891  838 1106   -1
 669     7.955   -15.862    23.608  989   -1 1325 1329
 670   -36.082     5.664    -7.690  633   -1  862  817
 671   -55.568    34.566    -8.016  211   -1  361  296
 672   -49.485   -14.588     3.516   -1  924 1282 1248
 673     5.009    11.229   -22.702  559  561   -1  706
 674    20.907    17.525    12.368  474   -1  660  644
 675    39.023    23.236    -3.737  393   -1  527  488
 676    13.139    13.050     4.325   -1  512  737  715
 677    39.516    51.269    -9.942   29   -1   44    7
 678   -62.116    13.402   -19.218  505  498   -1  673
 679   -31.752    39.758   -26.360  140   -1  228  196
 680    38.399    -3.420     8.050  796  764 1011   -1
 681   -47.394   -31.531    -4.207 1209 1154   -1 1530
 682   -58.531     1.673    16.117   -1  676  993  939
 683    27.738    46.166     0.663   89  107  132   -1
 684   -18.738    20.152   -17.059  419   -1  596  560
 685    57.263    11.788    13.340   -1  564  751  741
 686   -23.412     1.343     8.746  688  700  970   -1
 687    23.572   -10.518    11.641  922  869   -1 1205
 688    49.394    42.599     7.087  126   -1  182  154
 689    18.378   -30.177    25.584 1177   -1 1611 1634
 690    29.652    42.612   -10.314   -1  146  175  146
 691    55.047    -5.325     6.380   -1  802 1052 1085
 692    40.935     2.050   -23.686  713   -1  866  887
 693    21.253   -10.384    18.145  913  859   -1 1215
 694   -20.038    -8.339     9.068  855   -1 1162 1136
 695   -49.023    14.919     8.862   -1  480  741  677
 696    28.550    22.838    -7.808   -1  401  535  503
 697   -24.019    -7.069    21.132  829   -1 1164 1130
 698    36.253   -33.178   -14.816   -1 1210 1517 1589
 699    42.949   -31.886    -0.162 1243 1195 1547   -1
 700   -29.881   -27.924     1.495   -1 1088 1504 1481
 701    29.581     8.075     9.182   -1  604  817  796
 702   -46.007    18.870    16.983   -1  425  673  626
 703    29.452     4.986     3.625   -1  645  861  862
 704    54.619    -7.489     6.759   -1  834 1102 1127
 705    38.304    13.712    15.418  529  515  727   -1
 706   -49.113    36.900    22.871   -1  189  343  277
 707    31.252   -24.714    -5.998 1137 1048 1389   -1
 708    13.610   -15.292     8.776  991  942   -1 1291
 709   -19.463    -1.224     9.316  740  735   -1  987
 710    15.950    26.142    -2.821  343  358   -1  451
 711   -16.684    -7.386    24.154  833   -1 1167 1154
 712   -52.596    20.848   -19.020  402  406   -1  538
 713   -53.036    24.859   -21.625  350  351   -1  453
 714   -35.046    49.305   -24.794   32   -1   92   48
 715    30.947    36.757    -0.625  196  218  294   -1
 716    18.420   -30.222   -19.561   -1 1165 1462 1495
 717    41.875   -23.714    -4.600 1129   -1 1370 1407
 718   -38.472    -1.968    24.438  744   -1 1081 1019
 719   -56.784     9.275    21.653   -1  549  851  786
 720   -40.566     0.651    12.450  708   -1  998  956
 721   -52.385    18.816   -17.488  434  439   -1  587
 722   -43.087    29.747    -7.284  282   -1  456  369
 723   -53.024   -18.401   -19.780 1022  977   -1 1285
 724    -7.536    36.336     5.189  201  208   -1  268
 725    39.369    -3.176    14.003  790   -1 1025 1047
 726   -51.829    26.979   -15.993   -1  325  494  413
 727    41.446    21.227   -10.419   -1  430  555  535
 728   -47.134    -4.632    11.929  778  765   -1 1051
 729   -56.184    22.097    -1.215  384   -1  591  527
 730   -10.584   -25.508    24.288 1114   -1 1495 1493
 731   -14.892   -28.749    19.769 1160   -1 1567 1538
 732    16.669    21.964   -13.664   -1  417  547  506
 733   -38.856    12.863     6.284  519   -1  763  719
 734    21.106   -10.135     7.875  915  864   -1 1178
 735   -54.907    -4.637    10.459   -1  760 1114 1053
 736   -35.964    35.229    -6.737  202   -1  347  285
 737    51.018   -33.776    21.413 1248 1191 1637   -1
 738    35.738    -1.805    16.454  762  745 1014   -1
 739    22.281   -32.472    -5.793   -1 1197 1537 1588
 740    33.559   -33.212    23.950 1246   -1 1632 1648
 741    55.815    48.096     8.327   -1   91  102   69
 742   -49.903    28.348    -0.024   -1  306  481  399
 743   -52.247   -34.395   -15.939   -1 1214 1630 1564
 744   -53.765    50.560   -19.186   26   -1   73   30
 745    -1.637   -30.516   -23.925 1234 1178 1474   -1
 746   -50.126    32.983    -1.626   -1  231  393  331
 747   -16.184     3.725     0.922  666  660   -1  870
 748   -52.950   -21.558   -19.671 1079 1022   -1 1333
 749   -35.252    22.766    15.161  385   -1  592  525
 750   -60.538    46.797   -12.354   71   50  135   -1
 751    56.017    21.172    14.025   -1  435  580  572
 752    19.444   -31.397    17.159   -1 1132 1614 1633
 753    27.409     5.762   -13.242   -1  643  831  805
 754   -53.052    20.650   -25.518  403  412   -1  519
 755   -40.635   -30.571    23.220 1167 1096   -1 1606
 756    38.290    31.872    12.599   -1  287  386  353
 757   -59.762    12.708   -11.354  516  513   -1  683
 758    36.939    -3.668   -18.585  823   -1  985  990
 759   -34.241    -1.802    12.271  747   -1 1042 1003
 760    51.249     2.768    12.625  693   -1  901  927
 761   -54.325    45.063    -5.510   91   73  162   -1
 762   -32.873    47.808    -1.149   -1   59  121   85
 763    29.252    24.924   -20.124  361  376  489   -1
 764   -60.217    -0.289   -19.134  726   -1  966  919
 765   -15.645    14.699    23.218   -1  492  748  694
 766   -11.741   -20.766    22.741   -1  981 1398 1404
 767   -14.202    11.322    20.709  553   -1  790  764
 768   -56.229    33.700   -21.271  216   -1  368  306
 769   -37.707     4.006     5.139  655  631   -1  895
 770    35.916    45.483   -10.552   -1  114  138  106
 771   -55.068     7.881   -18.029   -1  589  828  763
 772    29.124    48.161    -9.916   63   71   95   -1
 773    35.514    53.794    -4.842    8   29   13   -1
 774    39.185    17.826    -1.815  468   -1  637  621
 775     2.424    11.171    14.901   -1  556  789  742
 776    34.974    22.810     9.131  401  402  541   -1
 777    28.750    -5.410    -2.113   -1  813 1049 1057
 778    44.930    12.646    14.465  541   -1  740  729
 779    29.670    12.151   -24.795  555  552  708   -1
 780   -39.970    41.796    22.197  134   -1  236  190
 781    34.981    25.924    10.329  351  368  505   -1
 782   -27.654    15.097    -3.914  495   -1  713  664
 783    -4.433   -20.344    -1.724 1060   -1 1350 1347
 784    19.510    34.568     3.277  227   -1  348  298
 785   -50.047   -15.177    -3.029   -1  935 1306 1231
 786    50.808    48.909    -1.970   -1   74   74   64
 787    -6.774    32.976    27.051  241  266  404   -1
 788    40.584     1.600    -9.184  720  721  886   -1
 789   -29.426    17.751    10.557  462   -1  679  636
 790     1.106    35.931    21.478  215   -1  341  289
 791    13.370    40.605    23.113  155  171  251   -1
 792   -28.039    51.587    -3.851   -1   19   61   22
 793    29.118   -33.415    -7.291   -1 1209 1541 1626
 794   -23.723    16.805     1.272  473   -1  684  647
 795   -35.222    38.468   -10.225  174   -1  277  215
 796    51.074    20.156    -0.245   -1  451  585  573
 797   -63.327    32.519    15.077  248  230   -1  346
 798    -9.868     1.964     1.052   -1  689  925  918
 799   -54.160    42.786     1.321   -1  112  201  167
 800    19.818   -32.204     2.547   -1 1182 1604 1586
 801    37.217   -19.561     7.459   -1  970 1330 1378
 802   -61.938   -26.640     7.615 1127   -1 1524 1461
 803   -34.089   -20.056    -5.078   -1  991 1352 1336
 804   -63.904    30.017    -3.887  278  273   -1  378
 805    27.161    18.546   -12.476   -1  467  610  597
 806    34.487    17.326    10.602  485  475  653   -1
 807   -60.554    -5.313   -14.975  797  788   -1 1022
 808   -26.508    22.897    11.867  379  385  574   -1
 809   -36.177    34.149    -7.525  217   -1  365  307
 810   -17.111    41.098     2.647  143  141   -1  192
 811   -37.110    38.921    -0.650  169   -1  266  219
 812   -10.158    13.016   -12.358  526   -1  723  692
 813   -35.476     8.386    10.741  595   -1  838  789
 814    39.970    19.935     5.721  437   -1  605  595
 815     3.144     6.472    -6.776  632  622   -1  800
 816   -45.513     1.211    20.622  689  687 1003   -1
 817   -21.858    -7.591    -0.052  848   -1 1133 1106
 818    45.415    -1.687    13.733  765  748   -1 1008
 819    12.372     1.687    20.375  700  695  945   -1
 820   -60.056     7.440    -1.423  604   -1  853  788
 821   -11.465   -31.175    14.967   -1 1116 1625 1592
 822   -52.245   -13.751   -11.598   -1  916 1242 1202
 823   -28.938    -5.175     5.364  792   -1 1112 1052
 824   -25.864    -8.843    -1.767  862   -1 1157 1126
 825    22.621   -31.221     7.295   -1 1145 1550 1591
 826    13.699    51.261    13.317   43   45   51   -1
 827    25.568    19.666   -25.208   -1  455  577  549
 828   -45.001   -15.504    12.475   -1  928 1326 1301
 829   -27.027   -22.690    23.926 1067   -1 1449 1439
 830   -55.279   -11.705     8.624   -1  873 1246 1190
 831    20.198    -6.817    -0.456  847  821 1098   -1
 832    37.052    37.198     8.730   -1  214  285  256
 833    39.385    29.125    20.347   -1  324  444  411
 834   -52.914   -27.474    15.819   -1 1054 1549 1513
 835   -36.319   -24.833   -20.884 1123 1064 1396   -1
 836   -41.084   -19.890    16.754 1035   -1 1391 1363
 837   -13.754   -19.196   -20.857   -1 1004 1309 1295
 838   -58.045    -2.130   -14.217  742   -1 1012  977
 839     1.293    -4.510   -14.018  806  795 1033   -1
 840    -0.944   -21.631     0.347 1088   -1 1362 1385
 841    17.426    32.500    -2.005  261  253  371   -1
 842    40.192    33.788     8.654  236   -1  356  320
 843    54.594    27.973     6.633   -1  344  461  420
 844   -50.651     7.876   -24.379   -1  592  829  746
 845    16.550    -8.011    10.888  865   -1 1143 1143
 846     1.770    -2.817    -8.425  769  763   -1  986
 847   -26.128    -4.142     5.916  787   -1 1077 1039
 848    30.614   -33.696    22.261   -1 1177 1642 1645
 849   -53.005   -19.986    15.667   -1  976 1394 1357
 850   -61.744    51.053    12.795   33   25   -1   33
 851   -48.965    -1.299     9.995   -1  725 1030  996
 852   -12.014     3.473   -15.876  670  668   -1  860
 853   -36.720    41.521    -2.208  133   -1  215  178
 854   -34.205    14.888   -16.874  501  485   -1  653
 855    -7.732    13.855   -28.109  510   -1  693  659
 856   -16.231     8.081     7.546  599   -1  839  790
 857   -62.003     8.182     1.473  594   -1  844  781
 858    47.778    22.058   -15.144  404  429   -1  497
 859    29.637    29.876    10.687   -1  314  422  387
 860   -19.898    11.193    18.063  552   -1  803  748
 861   -41.818   -33.182     1.018 1235 1205   -1 1565
 862   -14.168   -27.863    20.161 1140   -1 1573 1526
 863   -17.396   -14.015    10.880   -1  908 1266 1269
 864    -1.637   -16.906    21.980 1005  949   -1 1335
 865   -36.543    24.651    -7.427  363   -1  521  472
 866   -49.731    26.739    -4.654   -1  323  504  443
 867   -49.948    26.249     2.140   -1  332  519  459
 868    35.705   -30.466   -16.295 1230 1181 1480   -1
 869    56.866    16.435    16.216   -1  488  662  672
 870    24.197   -31.653    -1.113   -1 1174 1532 1576
 871    -6.252    21.685   -27.605   -1  415  557  492
 872     7.902   -24.035    -0.691 1112 1041 1401   -1
 873   -14.237    38.669     7.270   -1  179  265  232
 874   -61.494    -9.863    14.443  875   -1 1216 1181
 875    22.484    23.221    -4.877   -1  394  531  498
 876   -50.019     5.822    14.101   -1  611  890  855
 877    -1.606    24.619   -25.488  358  374   -1  450
 878    14.374    52.579    -7.379   10   28   36   -1
 879    24.717    32.065   -21.040   -1  286  362  319
 880   -21.945   -27.519     6.519   -1 1065 1492 1505
 881    21.845    -7.812   -18.233  877   -1 1090 1070
 882   -34.791   -19.800   -20.450 1049 1003   -1 1309
 883   -43.424    19.755   -14.083   -1  431  616  566
 884    50.438   -23.892    18.907 1117   -1 1409 1472
 885   -24.055    18.027    15.142  449   -1  687  634
 886     2.034   -17.155    22.160 1006  950   -1 1348
 887   -13.041    -4.727     5.095  804   -1 1078 1049
 888   -50.217    40.361    -0.438   -1  139  257  194
 889    26.733    -4.523   -16.839  817  801 1020   -1
 890    57.469    19.778    14.141   -1  452  604  608
 891   -63.298     2.987    -4.221  665  646   -1  883
 892    -3.673    45.931    32.770   -1  101  143  133
 893   -57.260    20.616     3.596  408   -1  622  590
 894   -42.000   -24.890    14.572 1103   -1 1499 1438
 895    -2.303    27.998     6.273  326   -1  471  417
 896    26.047   -25.364    12.026 1141   -1 1428 1473
 897   -20.892    36.864    24.882  195   -1  336  280
 898    25.709   -10.830   -20.765  933  898   -1 1134
 899   -61.840   -18.876   -21.144 1038  983   -1 1277
 900   -52.425   -32.923     8.267 1213   -1 1644 1611
 901    -8.741    47.034   -38.191   53   -1  117   72
 902   -12.259   -24.290    19.761   -1 1026 1465 1462
 903   -48.751    16.333    15.591   -1  456  726  668
 904    22.277   -15.356    17.341  995  936   -1 1308
 905   -63.009   -13.178     3.407  934   -1 1263 1226
 906    39.307    16.477     3.129  502   -1  651  645
 907    34.710    52.026    -0.516   21   -1   28   16
 908   -35.224     6.943    23.938  610   -1  891  833
 909    22.552    53.297    -8.333    9   23   23   -1
 910     9.093     7.585    15.657  617  598  841   -1
 911   -47.388   -32.361    21.288 1194 1119   -1 1640
 912    31.148    49.316   -16.371   46   58   75   -1
 913    -5.639   -23.416    24.496   -1 1014 1439 1468
 914    27.272    14.791    -5.403   -1  504  681  674
 915   -20.320    13.739    12.016   -1  501  756  695
 916   -52.206    49.679    -0.866   -1   31   94   70
 917     3.514     8.030    15.461  607  596   -1  816
 918   -50.302    22.117    -3.033   -1  382  600  520
 919    29.713   -21.752   -11.859 1100 1027 1342   -1
 920   -11.349    51.454    -6.823   -1   34   52   15
 921    12.803    46.617     4.344   83   89   -1  107
 922   -41.131   -31.749    19.972 1201 1105   -1 1623
 923    56.883    14.664     9.152   -1  514  701  688
 924    12.843    38.056    21.176  185   -1  303  244
 925   -37.875    19.249     3.356  439   -1  643  599
 926    33.803    -1.298    14.862  761  741  992   -1
 927   -36.179    11.301    -0.937  549   -1  780  731
 928     9.177    35.967    -8.855  199  227  313   -1
 929     9.331   -30.605   -19.524   -1 1200 1478 1492
 930   -38.057    37.454   -11.241  182   -1  287  241
 931   -46.418    52.817    24.427   30   -1   46    8
 932   -28.853     4.295    13.456  652   -1  915  886
 933    17.511   -12.542     5.947  951  896   -1 1219
 934   -22.578    11.259    19.730  542  536   -1  759
 935   -21.891    -4.254    -1.239   -1  777 1061 1023
 936   -58.979    43.860   -12.472  103   88  171   -1
 937   -41.678    48.709     8.287   59   53   -1   73
 938   -56.308   -28.571    -0.243 1153   -1 1542 1476
 939    21.241     3.316     4.183   -1  665  892  903
 940    33.023   -21.512   -22.590 1113   -1 1311 1342
 941     7.473   -21.760    15.647 1081 1005   -1 1426
 942    34.636    -3.015    11.415  776  768 1036   -1
 943   -61.726   -13.586    13.752  938   -1 1281 1258
 944    22.975    -1.908   -17.245  775   -1  938  968
 945     6.835   -14.279     8.028  964   -1 1250 1271
 946   -61.590    22.783    10.312   -1  372  595  530
 947    11.933    15.655   -18.514  497  490  656   -1
 948   -47.167    20.985    12.766   -1  396  640  567
 949   -49.246    38.762    18.140   -1  159  299  247
 950    29.159    -7.256   -12.178  874  841 1058   -1
 951    36.710    55.420    15.959    5   16    9   -1
 952   -57.669   -15.318   -19.971  981   -1 1261 1208
 953   -29.364    -2.976    15.157  766   -1 1065 1029
 954    25.068    -8.143    20.597  857   -1 1163 1161
 955    11.736    -0.735     7.691  741  731  988   -1
 956    25.420   -31.804     7.846   -1 1151 1592 1620
 957    -7.377     1.775     5.341  692  693   -1  929
 958   -49.839   -22.097    17.456 1047 1008 1453   -1
 959    54.444    13.616    16.913   -1  532  722  721
 960   -24.576   -24.247    -8.405   -1 1047 1405 1392
 961     4.021    21.826     2.346  414   -1  566  537
 962   -56.168    39.225     1.805  149  164  273   -1
 963   -22.238   -10.110     5.712  892   -1 1203 1155
 964   -59.300    -7.583   -11.591   -1  822 1136 1080
 965    19.951   -15.344    22.836  971   -1 1301 1327
 966    52.175    -9.697    -7.431   -1  867 1127 1148
 967   -47.226   -25.667    19.554 1119 1032 1511   -1
 968    41.989    17.031     4.617  483   -1  655  642
 969    24.146    -0.518   -15.839  756   -1  922  940
 970   -34.515    30.594     0.659  283   -1  432  358
 971    52.509    26.098    -7.379   -1  378  472  440
 972   -32.518   -28.354     5.985   -1 1084 1535 1499
 973   -26.227    37.762    10.298  194   -1  293  245
 974    16.444    11.590    -5.413  551  547  750   -1
 975    -1.024    43.991    13.852   -1  122  167  145
 976    38.328   -26.439   -22.621   -1 1098 1382 1422
 977   -25.027    40.171     5.863  158   -1  234  216
 978     0.854   -18.126     6.352 1036  963   -1 1337
 979    37.049     0.030     4.245   -1  729  937  965
 980   -63.533     2.631   -20.969  676  667   -1  852
 981    -8.696    -8.370     0.522  885   -1 1140 1115
 982   -21.331    -7.923     8.637  845   -1 1154 1128
 983   -49.265    10.572    16.540   -1  537  812  768
 984     7.833   -24.960    11.571 1118 1039 1452   -1
 985   -49.579   -20.051   -24.853   -1 1011 1335 1296
 986    30.071   -26.416     9.792   -1 1046 1442 1514
 987   -11.584    30.654   -11.118  271  293  413   -1
 988    -8.656    15.980     4.256  491   -1  697  654
 989   -27.141    -2.150    17.186   -1  728 1062 1017
 990    49.643    27.461    -0.565  335  362  453   -1
 991   -19.506    -7.605    24.130  831   -1 1180 1156
 992     5.062   -22.388    -0.951 1097 1023 1383   -1
 993    -5.455    18.160    -8.649  459   -1  636  606
 994   -31.429   -26.702   -21.818   -1 1090 1422 1420
 995   -60.499    14.443    21.758  490   -1  777  699
 996     5.255   -29.124   -18.502 1208 1114 1463   -1
 997   -52.497   -11.064   -15.764   -1  890 1194 1117
 998   -58.538   -23.990    14.324 1099   -1 1476 1429
 999   -12.775    -0.196    24.934   -1  706 1018 1002
1000    14.957     8.100    -8.697  613   -1  798  775
1001    -5.238    42.254    -1.060  116  135  200   -1
1002    24.776    33.815    -4.796   -1  252  352  301
1003    -2.759    -7.766   -17.201  863  848   -1 1067
1004    -8.445    -5.566   -22.482  826   -1 1028 1032
1005    20.154   -30.673     4.681   -1 1130 1539 1537
1006   -16.251   -27.914    23.615 1148   -1 1595 1529
1007    -7.562    38.146    -7.305  175  191   -1  220
1008    29.334    52.125    -5.980   23   41   24   -1
1009   -49.327    17.844    21.844   -1  449  702  639
1010   -59.546   -16.816     6.670  996   -1 1341 1298
1011   -47.781    53.054    16.388   27   -1   40    2
1012    10.198    49.160     4.638   -1   63   98   43
1013   -34.078     9.137     1.541  590   -1  806  774
1014    33.021   -24.700    23.913   -1 1031 1429 1511
1015    -6.254    49.447   -30.407   38   42   -1   52
1016    52.709    18.487     0.157   -1  483  621  604
1017     1.772    17.826    -8.879  475   -1  639  603
1018   -12.162    32.986    -8.377  243  257   -1  304
1019    -2.215     3.794   -11.754  668  672   -1  854
1020    40.689    51.820    -1.554   24   -1   37    6
1021   -58.824    52.195    -1.748   20   -1   56    3
1022    26.158   -17.787    13.507 1028   -1 1320 1350
1023     4.705     6.386    20.955  628   -1  879  837
1024   -32.993     0.376    -8.654   -1  724  946  923
1025   -61.551     7.490    -5.365  606   -1  842  794
1026   -59.580   -16.641   -15.277 1011   -1 1280 1256
1027     1.474     8.366   -16.735  601  609   -1  750
1028    18.145    -6.647    -2.650  850   -1 1068 1096
1029    20.254    11.258    11.444  562   -1  775  743
1030   -15.225   -24.129    -1.716   -1 1034 1420 1408
1031   -49.447    -2.090    16.855   -1  733 1086 1001
1032   -13.483   -12.254    20.063  924   -1 1251 1240
1033   -21.568   -21.037    14.142 1064   -1 1400 1377
1034   -39.400   -16.307     5.112 1000   -1 1307 1306
1035    47.940   -13.029   -24.392  997  932   -1 1180
1036    50.505     7.190    -4.913  621   -1  813  793
1037   -12.565     3.053     6.619  669  657   -1  916
1038   -29.928    38.039   -10.140  167   -1  290  231
1039   -18.532    22.753   -21.267  381   -1  526  500
1040   -58.881    -0.603   -13.135  736  712  997   -1
1041   -27.826    18.327    18.804  457   -1  680  624
1042   -57.264    29.375    13.800   -1  277  478  414
1043   -56.505    31.314    -7.022  262  245  420   -1
1044    -2.312   -18.529   -15.058 1041   -1 1318 1289
1045    49.720   -17.383    13.177   -1  969 1300 1338
1046   -49.339   -30.126    -6.172 1183 1110 1540   -1
1047   -61.483    32.175    -6.263  254   -1  399  327
1048   -20.821    43.398     0.454  107  128   -1  143
1049   -28.646     1.265     9.448  717   -1  941  948
1050    31.439    44.123   -18.496   94  126  155   -1
1051   -60.341    39.230    -4.620  150  156  262   -1
1052   -25.030    43.687    11.046   -1  106  179  164
1053    44.346    47.180     5.420   80   -1  124   81
1054    13.226    -9.332    12.495   -1  837 1158 1197
1055   -50.024    -4.850     6.678   -1  783 1120 1031
1056   -55.640   -25.230    10.306   -1 1028 1493 1449
1057     0.762    18.825   -28.540  455   -1  589  569
1058    14.153   -15.324    18.224  970  941   -1 1313
1059   -19.804   -19.952   -22.098 1070   -1 1317 1316
1060    48.958    36.866    -2.255   -1  233  275  242
1061    23.025   -26.166   -16.680 1161   -1 1399 1423
1062   -23.791     1.840   -16.049  684  709  912   -1
1063    35.175    52.999     6.019   14   37   31   -1
1064   -27.730    21.064   -12.429  391  419   -1  545
1065    -5.017     4.555   -12.739  647  662   -1  844
1066   -39.119   -12.840    13.300  927   -1 1255 1259
1067   -46.219   -22.254     4.268   -1 1018 1411 1381
1068    36.896   -34.430    21.503   -1   -1 1639 1652
1069    53.659   -37.351   -14.623   -1   -1 1626 1644
1070   -65.667    10.217     1.854  556   -1   -1  744
1071    51.896     0.023     7.784   -1   -1  935  976
1072   -35.621   -10.646   -15.001  908  879   -1   -1
1073   -45.976    17.163    21.125  469   -1  715   -1
1074    55.771    42.952    18.446   -1   -1  176  156
1075    -0.216   -13.466     7.700   -1  907   -1 1246
1076   -66.590   -23.184     3.891 1085   -1   -1 1393
1077    18.817   -38.164    -6.653   -1   -1 1647 1646
1078    50.213    -2.804     5.389  783   -1 1008   -1
1079    28.357    10.277     6.269  584   -1   -1  749
1080   -57.570    13.435   -32.325  508   -1  717   -1
1081    56.464    24.361    21.494   -1  383   -1  517
1082   -17.802    55.953   -12.334   -1    6    7   -1
1083     5.275   -15.147   -30.253 1010   -1 1202   -1
1084   -23.912    18.489    38.569  452   -1  703   -1
1085    22.387    51.973    -4.685   17   -1   -1   11
1086   -50.020    53.747   -17.579    1   -1   30   -1
1087   -44.054   -34.567    -1.332   -1 1217 1641   -1
1088   -23.882    51.484   -24.916   -1   -1   33   20
1089    45.743   -16.791    11.320 1018  964   -1   -1
1090     9.870    37.628    24.743  186   -1  325   -1
1091    45.171     9.646    23.241  585   -1   -1  799
