1019
   1     9.779    13.289     8.362  468  485  710  652
   2    21.338    42.324     7.575  113  107  154  130
   3    23.415    37.741     9.121  152  156  240  201
   4    -5.349    33.095     1.723  208  205  333  286
   5    38.167    23.070    17.045  339  355  512  459
   6   -26.418     0.581    13.189  655  655  991  928
   7    11.962   -31.198    12.843 1120 1018 1549 1524
   8   -10.751    36.367     4.468  168  159  273  222
   9   -14.704   -21.321     7.291 1005  929 1359 1345
  10    38.329    11.140    -0.390  510  529  730  701
  11   -18.538    47.724     7.187   54   52   94   68
  12   -12.656    18.758     4.619  385  396  618  546
  13     5.366     9.750    10.434  532  540  785  732
  14   -22.309    34.376    12.227  192  181  317  265
  15   -23.390    48.711     1.418   45   37   81   60
  16    19.902   -22.966     9.902 1047  947 1368 1374
  17   -28.211    15.801     5.701  422  436  680  598
  18   -20.047    31.190    -3.978  228  228  368  304
  19    -5.403    36.439     5.851  165  162  272  221
  20    18.602   -12.316     4.071  890  828 1199 1205
  21   -12.199     2.171     3.361  634  640  917  875
  22   -33.614   -11.550    11.632  859  811 1224 1190
  23     9.102    28.802    11.948  265  265  414  355
  24    21.310    33.315     9.338  211  213  323  283
  25   -19.757    44.865    44.981   98   91  146  122
  26    14.388   -32.179     6.556 1146 1067 1546 1536
  27    13.082    16.304     3.539  424  442  649  585
  28    -7.176    39.526     4.165  129  126  201  172
  29    11.569   -14.700    10.308  926  858 1243 1252
  30   -18.486    44.285    11.196   90   87  138  116
  31   -49.518    30.325    -4.810  230  225  394  323
  32   -17.551    26.344     7.848  282  288  470  395
  33     6.297    13.238    12.423  470  484  716  664
  34    10.384    50.085   -10.615   33   34   54   36
  35    38.792    10.789    13.410  528  530  752  720
  36   -27.626    17.560     5.495  394  409  642  562
  37   -26.653     0.510    12.905  656  654  990  927
  38    21.473   -19.558     6.943  999  915 1318 1323
  39     8.985   -23.179    -0.060 1050  957 1361 1360
  40    -6.014    -7.339    10.697  801  758 1126 1090
  41     1.769    -6.512     5.350  793  751 1093 1066
  42   -14.392    47.565     9.982   55   54  100   73
  43     2.388    43.389     6.888   99   94  142  120
  44   -19.436   -20.260    11.425  991  917 1354 1331
  45    27.679    41.422     9.634  119  120  169  146
  46     1.794     2.642    10.846  632  632  915  882
  47     1.504    21.504    11.188  351  362  562  491
  48    -5.219     2.651     9.052  627  631  916  877
  49     6.716    13.661    -2.062  461  481  700  634
  50   -13.838     6.073     8.635  571  582  854  801
  51   -29.917    31.674    12.664  226  217  372  311
  52    20.127   -31.862     2.784 1147 1048 1498 1515
  53     7.579    21.419     8.645  353  364  555  490
  54   -48.274    40.598    13.081  123  109  200  155
  55     7.495    33.111    12.001  212  210  335  291
  56    22.646    25.742     7.056  301  309  462  402
  57    34.248    22.981    15.440  341  354  519  458
  58    15.887   -32.252     6.478 1150 1062 1548 1537
  59   -10.609     9.946     6.731  524  536  780  722
  60     7.687   -31.320    12.162 1121 1020 1556 1521
  61   -17.561   -29.960    14.326 1099 1007 1547 1477
  62   -49.714    33.654    13.548  200  184  350  281
  63   -34.254    51.975     8.142   22   20   42   20
  64   -14.949    50.072     0.052   37   28   62   41
  65   -47.482     7.740    -8.161  545  556  814  747
  66   -26.694    43.968    -1.108   88   79  139  115
  67    12.918    22.881     5.944  327  344  511  446
  68     9.039   -11.235   -22.196  882  830 1133 1116
  69    12.634    12.938    11.469  477  489  721  670
  70    36.441    11.283     2.277  509  528  728  689
  71    37.268    49.720     4.835   44   51   64   31
  72   -25.388    40.129    15.681  126  119  202  171
  73   -30.125    29.054    11.545  257  253  426  354
  74   -49.378     7.859    12.551  546  549  839  775
  75    11.481    37.592     6.140  153  152  245  202
  76   -26.437     0.501    12.903  654  652  985  937
  77    11.227    20.923    10.534  359  375  569  510
  78   -15.102    39.117    -1.906  130  129  204  177
  79    18.472   -31.368    11.437 1128 1029 1541 1528
  80   -60.334    30.478     7.519  241  222  403  329
  81    22.106   -12.094     9.800  886  825 1201 1217
  82   -60.382    34.063    13.419  193  173  342  278
  83     7.405    35.468     9.049  183  177  284  237
  84     4.728    -0.761    11.215  689  681  995  958
  85   -11.025     2.902    22.021  621  620  941  892
  86    -6.262    22.397     6.897  332  345  539  467
  87    27.624    38.548    11.209  145  144  220  186
  88     2.445    -6.359     5.461  792  743 1095 1067
  89    18.765     9.195     8.250  539  550  786  744
  90    22.030    16.377    11.480  429  441  660  595
  91   -48.955     0.996    10.976  642  644  989  909
  92    -7.937    12.997    12.191  469  482  738  668
  93    11.970   -28.754   -22.115 1113 1016 1407 1413
  94    -7.363    42.373     5.726  107  100  161  137
  95   -38.615   -15.132    10.993  906  850 1291 1251
  96    -0.772    45.194    11.432   84   86  119   97
  97   -16.387    20.750     9.157  357  366  587  512
  98    12.609    42.417    10.767  112  103  158  134
  99   -44.980   -31.085     0.099 1110 1058 1554 1454
 100    17.293   -31.372    10.452 1122 1030 1539 1527
 101    24.018   -18.655     9.721  990  904 1306 1314
 102    39.630    21.182     4.345  376  371  517  498
 103   -29.216   -12.625    11.601  874  824 1236 1218
 104    -9.398    15.391     8.021  438  444  686  610
 105    -7.104     1.970    17.143  637  637  951  905
 106   -21.615     4.362     7.104  597  604  887  839
 107   -20.404   -16.959     8.608  955  889 1301 1278
 108     1.340    32.884    -4.518  210  209  330  282
 109    37.141    26.643     7.542  292  302  440  381
 110   -29.599    -6.406    12.240  778  739 1125 1074
 111   -29.183    33.626     0.651  199  189  327  271
 112   -53.334    14.951   -18.317  432  443  679  581
 113    27.656   -31.411    11.966 1133 1031 1523 1538
 114   -52.304    15.210   -13.952  433  437  678  589
 115   -16.698    22.851     6.968  320  330  533  456
 116    29.595   -12.711     4.778  896  839 1202 1220
 117    25.489     1.445    16.243  660  650  931  922
 118   -36.579    -8.862     9.533  812  776 1179 1113
 119    21.530     9.955    13.239  533  541  773  734
 120    41.571    26.235     4.480  298  301  453  391
 121   -15.545    16.615     9.109  414  424  671  586
 122     8.063   -29.204   -10.455 1116 1011 1436 1440
 123     3.192    42.303     4.275  108  102  157  135
 124   -12.934   -11.961     9.227  871  821 1215 1199
 125    15.657     0.277    15.139  672  665  969  951
 126    13.338    19.297     7.046  380  397  603  538
 127   -12.477    19.904     7.371  370  382  604  525
 128    17.431    39.015   -10.010  131  135  190  166
 129    -5.587   -14.760     8.750  920  857 1262 1245
 130    23.499    15.919     8.575  439  447  666  604
 131     5.906    21.146     7.708  356  369  563  494
 132    23.997    -5.929    10.882  789  741 1079 1071
 133     6.183   -29.366    -7.887 1112 1015 1448 1443
 134    -4.765    12.537     8.626  479  493  740  673
 135    39.092    34.976     1.344  189  197  279  238
 136   -28.626    -8.931     2.839  819  784 1163 1101
 137     9.675    30.430     7.220  251  248  375  322
 138   -62.009    43.277    15.453  100   83  164  132
 139    -8.011   -17.086    10.612  958  891 1299 1286
 140   -12.925     5.714     8.848  574  587  861  807
 141     8.913    -4.099    11.081  740  713 1054 1021
 142   -49.597    -0.558     3.632  671  668 1009  939
 143   -36.157    28.666    -2.138  256  251  429  348
 144    14.524    -9.880     9.188  851  795 1166 1149
 145    14.602   -30.709   -20.148 1143 1080 1446 1444
 146    26.409   -11.363     8.494  877  820 1184 1195
 147   -12.533    31.599     7.539  227  226  367  306
 148    10.240    43.489    16.153  103   97  143  121
 149   -30.900   -16.839    13.653  945  883 1315 1284
 150   -26.892    30.343    12.016  248  239  395  332
 151    -9.969    22.445     9.195  329  341  545  475
 152    19.631   -16.790     7.743  968  893 1278 1283
 153   -39.848    33.957     1.899  194  175  328  267
 154    22.509   -29.374    15.002 1107  999 1485 1483
 155   -16.628   -15.265    10.143  923  863 1276 1257
 156    -6.728    -7.214     9.713  800  756 1122 1085
 157    22.749   -30.773     2.740 1131 1024 1489 1485
 158    16.695    40.827    10.731  125  122  171  152
 159   -11.042    10.266    10.708  513  523  781  719
 160    13.193   -27.737    17.636 1091  995 1465 1462
 161     5.157    -5.066    10.853  763  730 1072 1043
 162    19.464   -31.252     9.878 1125 1028 1531 1522
 163   -61.775    24.628     9.244  302  298  510  425
 164    -2.764   -22.392    12.850 1031  937 1373 1368
 165   -21.354   -22.482    12.104 1019  938 1385 1363
 166    11.173     9.307     6.365  538  548  784  735
 167   -15.989    31.152     5.422  231  230  370  312
 168    16.789   -23.337    15.906 1049  948 1389 1391
 169    -8.213    26.353     8.613  285  293  466  394
 170     2.974    26.246    11.161  290  297  468  396
 171    38.606    -4.662     4.502  773  734 1039 1030
 172    10.997    38.403    14.417  147  140  238  196
 173   -24.444    17.360    12.511  397  410  669  572
 174    -6.365   -25.897     4.551 1075  983 1421 1412
 175   -19.550    -8.858    14.709  816  771 1175 1136
 176     1.183   -32.807    13.215 1134 1056 1576 1555
 177    10.048    -3.937     9.313  735  710 1046 1017
 178    11.557    -8.270     8.604  821  772 1131 1115
 179    49.146    29.132     2.139  264  274  385  339
 180     8.339     3.406     7.624  623  621  890  862
 181    -7.790    -9.668     4.641  844  792 1169 1133
 182   -11.496     7.997     9.391  551  562  816  767
 183   -48.947    17.706    12.768  406  391  659  560
 184   -24.789     8.919    13.005  534  543  810  754
 185    10.713   -31.790     9.280 1142 1042 1551 1531
 186     9.551    51.078    19.878   39   32   48   34
 187   -36.336    14.121     8.494  450  453  715  636
 188    16.117    11.524     8.281  503  511  747  695
 189    -2.985    15.008     5.998  442  451  689  621
 190    38.123    22.869    -4.058  337  356  489  435
 191   -27.890   -19.787    10.929  981  912 1353 1324
 192   -23.377   -22.874    11.174 1029  943 1390 1366
 193   -28.096    35.168    10.254  185  171  301  245
 194   -61.797   -15.621    15.046  899  855 1320 1265
 195    21.757     8.159     6.556  555  566  791  763
 196    -6.383    11.429     8.427  496  504  756  696
 197    14.558     5.481    10.759  585  595  853  817
 198   -22.594    -4.409    11.929  732  711 1080 1024
 199    24.902    -9.196    15.608  845  789 1156 1161
 200    14.740    -8.524     8.140  829  777 1136 1122
 201    -4.449    -6.227    11.397  783  740 1107 1072
 202    38.351    37.224    10.010  162  166  247  210
 203     5.636   -17.046    10.138  963  892 1292 1289
 204   -17.736    24.265   -13.700  304  323  481  401
 205   -30.661     0.992     2.486  647  649  957  897
 206    16.125    22.121     9.154  347  358  537  480
 207    -6.380   -16.726    11.171  953  887 1294 1282
 208    48.574    22.454    -3.283  340  372  499  451
 209    23.237    21.007     5.883  360  378  550  502
 210   -18.024    18.098    11.830  390  405  645  558
 211   -10.977    26.572    10.167  278  289  463  392
 212   -61.875     3.562    12.132  598  606  928  858
 213   -18.606    13.274    11.192  463  478  742  643
 214   -48.959     1.835    19.511  630  627  986  903
 215   -56.220    37.022   -15.682  143  134  262  206
 216   -37.599    22.057     1.277  344  325  551  468
 217   -35.715   -10.297   -22.693  856  817 1135 1083
 218    20.227    -3.408     8.044  728  699 1037 1003
 219   -62.365    -8.202    12.041  796  759 1185 1099
 220   -14.654     2.795     3.533  626  629  912  866
 221   -25.263     4.064    11.912  603  605  904  853
 222   -52.048    12.937   -12.343  462  475  726  627
 223     3.618   -22.026     9.560 1026  936 1363 1357
 224    11.957     1.284     5.444  664  656  921  900
 225     5.954    16.902    19.732  417  425  665  594
 226    10.153   -29.488   -15.839 1114 1025 1444 1431
 227    17.171   -25.993    -9.341 1084  996 1387 1387
 228    -9.839     1.838    11.857  639  641  944  895
 229   -61.373    39.684    11.107  127  111  224  179
 230   -53.521   -11.895   -19.881  866  831 1198 1126
 231   -18.695    -6.021     8.692  772  738 1103 1058
 232   -19.906    -2.145     9.427  704  687 1032  979
 233   -32.930    44.732    -2.711   80   72  128  101
 234   -18.218    12.198    17.493  481  491  763  693
 235    33.895    32.533     3.361  215  237  336  289
 236   -15.819    -1.629     7.092  700  686 1015  960
 237    21.481     0.378    13.322  674  669  956  946
 238   -12.362    25.815    12.242  291  300  484  405
 239   -23.370   -11.569     9.954  864  814 1216 1188
 240   -32.647     0.846     9.811  646  648  976  913
 241   -30.586   -22.434    12.317 1014  935 1391 1359
 242   -56.545    17.220     2.370  396  408  651  564
 243   -20.731     4.128    13.330  607  601  902  854
 244   -46.864     7.771   -17.662  547  560  798  725
 245    15.375    28.493    13.813  270  271  420  362
 246   -58.078    35.259    15.853  176  158  319  256
 247   -49.736     5.516    17.476  565  581  893  819
 248    -4.866   -18.951     8.540  983  901 1326 1309
 249   -11.517   -10.340     8.958  849  802 1193 1157
 250    -1.685     0.582     9.529  665  661  962  925
 251   -11.661    14.323     2.292  452  461  694  630
 252     4.421   -23.197    12.988 1040  950 1378 1377
 253    14.503    -2.670     2.900  712  695 1016  982
 254    22.908    -8.338     6.473  830  778 1117 1117
 255    19.275    35.185    16.504  190  180  289  251
 256   -30.335   -17.641    22.955  956  886 1347 1303
 257   -24.749    45.273     4.009   76   71  121   96
 258    36.822    27.765    -5.008  273  286  408  358
 259    17.155   -31.860     2.068 1149 1054 1500 1509
 260     9.201   -16.304    24.548  942  871 1308 1300
 261    25.229    38.206    -6.170  142  154  222  170
 262    12.321   -24.727    22.485 1051  966 1433 1430
 263    14.823     2.792    11.410  633  634  908  880
 264    10.288     7.742     7.076  558  569  803  772
 265    20.159   -30.779     8.289 1124 1017 1494 1505
 266    41.281    39.030    -4.966  136  145  186  164
 267    38.882    18.671     3.448  392  412  593  548
 268    39.070    -3.907    20.318  756  701 1040 1062
 269     3.901    34.406    20.038  197  186  325  277
 270    10.276     5.239    11.243  588  597  862  827
 271     7.463    -2.751   -13.739  722  697  984  961
 272    29.999   -30.356     5.580 1117 1027 1480 1487
 273   -35.392   -18.348   -18.907  974  918 1288 1256
 274     3.245    37.769     4.709  150  157  233  193
 275   -23.557    10.967    22.451  504  502  788  723
 276   -14.809     5.234     7.583  580  592  866  811
 277     6.596   -32.369     5.986 1144 1073 1562 1532
 278   -42.436   -29.030     7.688 1088 1005 1540 1447
 279     4.093   -26.237    -8.326 1079  990 1400 1392
 280   -23.732     0.002    10.051  658  666 1001  944
 281   -60.291     5.875     7.624  562  575  881  795
 282     4.327    16.790     7.375  412  435  648  576
 283    -6.904   -15.590     9.480  936  869 1272 1262
 284   -49.152    -7.026     1.075  782  750 1132 1060
 285    16.574    25.674     9.581  294  311  476  407
 286     2.824    -9.326    11.615  840  787 1162 1146
 287    42.512    32.198     8.767  223  236  346  295
 288   -25.740    46.116     0.555   62   65  112   86
 289    39.074    -7.550     3.966  833  769 1067 1106
 290    36.390    -5.164    -9.197  774  748 1030 1011
 291    33.529   -24.261    17.384 1071  951 1381 1425
 292     2.805    11.163    18.154  497  521  767  708
 293    24.455   -14.142    20.673  914  842 1257 1264
 294   -24.815    17.897    12.031  389  400  650  566
 295   -49.091   -22.812    -3.293 1010  954 1388 1330
 296   -12.169    -5.893    13.110  768  737 1116 1054
 297     1.384    -3.980    11.759  733  706 1066 1009
 298   -18.503   -14.666   -21.594  934  875 1211 1202
 299   -36.748    27.379    11.240  268  276  474  369
 300     3.059    20.515   -25.713  366  387  527  457
 301    -0.781   -20.920     5.267 1006  925 1346 1338
 302    25.575    -3.097   -20.854  736  725  963  965
 303   -10.889     4.496    18.309  595  598  896  867
 304   -48.245     9.367    -3.878  521  537  789  714
 305   -48.788    16.573    19.540  407  406  703  606
 306    23.462   -31.411     3.673 1126 1059 1501 1506
 307    13.244    23.105   -19.979  321  351  483  421
 308   -35.393    -0.440    13.924  675  671 1011  945
 309     7.588    12.014    -5.813  492  506  722  647
 310   -44.609   -19.224   -18.372  995  923 1295 1268
 311     9.753    -0.176    10.571  682  679  971  948
 312   -30.819    -6.367     7.976  767  746 1128 1047
 313   -34.822    35.012   -18.232  163  174  281  231
 314   -21.553    39.025   -13.885  134  121  195  168
 315   -16.332    38.788    12.031  138  130  235  190
 316    11.114     2.005    11.897  636  659  929  879
 317   -16.071    11.362   -15.520  499  509  719  671
 318   -19.235    -9.768     8.436  842  785 1191 1145
 319   -32.724    29.776     7.210  252  249  404  336
 320   -21.110    33.510     0.531  206  193  320  266
 321    -6.415    -6.726    15.938  795  744 1121 1084
 322    16.432    42.051     7.034  115  112  155  136
 323   -39.999   -25.575    10.599 1064  965 1455 1411
 324   -11.655    36.722    13.615  154  163  278  229
 325    14.004    27.029     2.380  277  295  437  371
 326    11.770    -4.352     7.582  750  724 1043 1023
 327   -19.679    -8.621   -19.795  820  790 1098 1073
 328   -57.806    -6.226    23.854  746  732 1181 1077
 329    25.273   -31.923     8.497 1130 1060 1558 1526
 330   -13.209    -9.685     0.735  843  801 1158 1124
 331   -51.263    17.587    -9.061  383  395  639  559
 332     1.477    23.480    18.640  315  329  532  448
 333   -26.460   -12.878    -1.364  885  836 1220 1193
 334     6.384   -15.368     7.452  938  867 1260 1258
 335   -27.642   -14.228    18.141  893  843 1277 1250
 336     5.579   -26.855     8.127 1081  985 1453 1427
 337   -43.513   -24.035    -0.380 1046  961 1398 1369
 338    24.063   -31.299    11.715 1123 1036 1521 1529
 339    16.879    15.537   -19.936  441  459  634  561
 340   -51.751   -22.982    -9.991 1043  958 1369 1329
 341    -6.445    39.402    -5.703  128  125  191  163
 342   -50.128    -8.494    11.508  806  757 1192 1120
 343     8.709    16.527    14.465  428  431  661  596
 344   -55.178    16.837    14.569  400  411  685  587
 345    16.350    -7.564    10.907  811  765 1115 1104
 346    -9.664    21.807    -7.350  345  357  530  461
 347    14.062   -31.529     6.955 1132 1041 1543 1499
 348    -1.589    -5.143    10.719  745  736 1088 1038
 349    47.030    31.408     7.089  240  254  351  302
 350    51.339     4.370     6.760  624  618  847  845
 351    27.854   -32.382     6.689 1153 1070 1527 1542
 352     9.468    21.630    12.122  349  363  556  497
 353    20.021    29.110   -10.694  258  266  383  325
 354   -35.256    -4.179    12.319  727  694 1085 1018
 355    17.156   -31.666    17.170 1148 1021 1544 1551
 356     6.405    -5.026     9.021  764  728 1071 1041
 357   -43.631   -30.397   -11.208 1119 1032 1490 1438
 358    -1.767   -26.077     2.031 1078  984 1414 1397
 359   -16.496   -10.418     6.959  855  796 1197 1155
 360   -32.373    53.021    10.879   16   17   28    3
 361   -60.699   -12.945     6.858  878  822 1258 1209
 362    26.900    18.959    -5.680  388  407  596  523
 363    13.686     0.501   -17.845  677  680  913  872
 364    13.573    27.807    -4.663  271  273  409  361
 365   -14.009     4.750    12.470  590  599  878  848
 366    13.470    49.246   -28.636   29   44   58   38
 367    -3.863    33.806    -8.035  195  191  307  260
 368   -16.465    16.921     5.248  410  421  654  570
 369   -56.455   -14.282   -17.874  897  870 1231 1167
 370   -12.345    32.958   -15.351  205  203  331  261
 371     1.779    42.197     3.332  109  106  159  131
 372   -49.633     4.965     2.014  572  590  883  824
 373   -52.208   -10.203   -10.583  839  803 1195 1088
 374   -15.219    -4.470     9.337  743  712 1075 1020
 375   -49.767     1.593     8.016  638  635  958  901
 376     3.084   -27.646    19.915 1080  987 1487 1460
 377    34.421   -34.296    14.661 1156 1089 1575 1561
 378   -14.415    -2.099    22.300  701  683 1044  997
 379    48.937    12.540    -1.508  486  524  702  655
 380   -11.733    -1.230     5.362  684  682 1014  968
 381   -22.052    -2.944   -19.336  714  700 1000  954
 382     3.851    37.754   -11.564  146  143  227  187
 383   -27.726    -4.417     6.030  734  717 1074 1005
 384   -23.985     4.616     9.167  586  603  888  834
 385   -46.964    10.092    14.732  514  507  804  710
 386   -18.922     9.814    20.839  522  534  805  746
 387   -35.026    16.811   -12.681  395  432  637  551
 388   -10.923     2.961    -1.640  619  622  910  861
 389    40.248   -21.650    19.097 1020  939 1358 1373
 390   -23.676     9.739    16.769  520  532  807  737
 391   -25.851   -15.174   -12.659  929  881 1240 1211
 392   -30.917    -4.416    11.789  731  702 1087 1025
 393   -29.652    -6.898    -2.861  784  764 1104 1042
 394    24.391   -23.135    18.468 1041  942 1384 1400
 395    29.744   -12.861    11.779  902  838 1223 1225
 396    15.311   -21.644     7.849 1028  933 1343 1358
 397   -53.930   -12.692     1.849  881  818 1235 1191
 398   -13.993    26.271    25.606  287  290  488  415
 399    27.184    14.320   -11.128  460  474  663  611
 400   -16.317    14.641    -8.716  434  467  682  609
 401    -9.076    -9.316     7.699  832  791 1159 1127
 402    -0.473    16.318     9.606  430  440  646  601
 403    39.049    16.701    15.716  437  433  627  614
 404   -18.621    37.107     2.386  151  146  261  211
 405    20.148    27.147     9.822  276  292  448  377
 406    19.784   -29.744    15.803 1103 1003 1491 1525
 407   -22.714    -9.582    21.303  824  781 1213 1162
 408   -19.823    -3.941     1.710  715  718 1064  986
 409   -13.288    44.151    -0.618   85   90  126  112
 410    -5.252    -9.267    13.773  825  780 1182 1152
 411   -59.639     3.403    -5.581  605  615  903  833
 412   -23.889   -13.686    11.314  900  834 1263 1228
 413    -0.177     0.658     9.281  666  660  954  930
 414   -60.689    46.476     3.025   61   46  113   87
 415    -9.263    -3.828    16.969  720  698 1086 1008
 416    18.808    23.571     4.831  314  334  496  434
 417   -61.437   -11.904    19.333  854  797 1267 1215
 418    -2.768    29.592     2.866  255  246  380  350
 419   -36.296   -23.975    11.615 1035  962 1423 1379
 420     0.410    -4.574    12.408  749  721 1055 1048
 421     9.640   -30.578    -6.668 1139 1039 1452 1463
 422   -59.837    18.929   -15.593  369  380  613  527
 423    -9.511    13.319    18.283  466  473  725  682
 424    20.496    -9.678    15.494  850  794 1164 1169
 425    21.536   -25.752    -6.379 1082  994 1376 1388
 426    29.995    31.379    -4.136  229  250  349  297
 427   -13.490   -30.929     6.089 1118 1022 1536 1480
 428    27.293   -15.803   -22.207  975  898 1204 1223
 429     0.512     6.102     8.328  576  579  844  805
 430    22.367     6.654     8.056  564  578  831  789
 431   -50.674   -22.290     3.816 1007  945 1380 1343
 432    27.777    -7.048   -10.135  808  788 1063 1044
 433     0.886   -23.968     7.252 1056  964 1375 1381
 434   -52.677    -6.520   -10.586  770  745 1108 1022
 435     0.495    18.059    -7.428  384  420  614  547
 436    -5.315    11.900    10.543  485  499  759  678
 437   -15.942   -25.366    -2.634 1070  975 1409 1385
 438     9.224   -32.629    -1.463 1152 1074 1560 1508
 439     4.355    -8.153    -1.655  813  782 1123 1087
 440    50.658    19.358     2.402  382  417  572  530
 441    37.925    12.136     6.858  490  517  707  687
 442    19.812    22.689    -6.363  334  360  508  426
 443    -1.143    33.013     2.285  219  208  329  269
 444    -3.924   -21.003     8.529 1008  927 1351 1342
 445     5.764   -32.127     5.704 1138 1053 1561 1518
 446    17.989     0.793    -1.325  676  667  900  906
 447    16.852    -2.873   -15.643  725  716  973  964
 448   -23.424   -16.496    12.976  943  882 1298 1277
 449    25.535   -17.085    16.382  961  896 1285 1310
 450    27.059    -8.843    -9.278  835  806 1110 1092
 451    36.490    26.333    -8.985  293  305  427  375
 452   -43.353    47.292    -8.097   50   43  110   72
 453     6.760    23.033     2.678  325  335  523  437
 454   -25.213    17.134    12.430  403  415  664  584
 455    13.255    32.806    -2.944  217  223  324  270
 456     4.585    10.568    16.876  525  505  783  729
 457   -18.999   -11.210    -7.546  857  823 1189 1138
 458   -29.499   -14.727    -0.419  909  868 1259 1226
 459     8.897    16.500    -0.169  426  427  638  578
 460    17.743   -11.317   -20.564  892  832 1127 1118
 461    11.376    34.876     5.087  187  183  296  248
 462   -47.841     4.162   -20.274  612  613  863  783
 463   -51.521    49.217   -12.564   42   27   71   51
 464    17.249    -2.035    11.541  708  690 1020  981
 465    23.340   -14.152     9.394  905  846 1251 1241
 466   -35.492    15.408    10.300  416  445  705  616
 467     2.739    35.516    30.024  188  176  302  264
 468   -25.699     3.103    17.814  617  617  933  885
 469    20.196     8.738    -2.842  544  559  782  736
 470    -3.560    21.390   -12.701  342  379  520  474
 471   -51.844   -27.570   -17.774 1095 1006 1422 1375
 472    15.711     7.178   -20.099  578  576  777  742
 473   -24.021    20.765    -3.302  362  368  549  488
 474   -57.237    -8.587   -16.724  828  770 1119 1055
 475    38.562    15.981    15.376  443  446  643  622
 476   -18.214    19.432    -4.509  367  386  609  531
 477   -19.010    36.018    18.406  181  161  292  232
 478    43.340     8.984     8.107  550  561  769  753
 479   -58.099    -2.928   -19.572  696  705 1022  953
 480    16.485    -4.091    19.907  730  708 1060 1050
 481   -25.739    -6.705    -0.125  802  742 1099 1045
 482    -2.696    14.500   -18.235  449  470  658  600
 483   -18.491     0.442    -6.870  669  676  922  887
 484    50.959     8.599     3.702  553  573  775  758
 485    -2.659    -1.290   -13.476  703  685  949  940
 486    14.836    46.141   -17.708   66   74   97   69
 487     4.388   -11.766    -6.709  880  833 1176 1151
 488   -22.156    11.482     6.037  500  490  760  699
 489   -11.630    24.889     6.503  303  315  487  411
 490   -17.347     7.983    18.375  549  567  836  764
 491   -26.736   -24.170    18.132 1030  959 1445 1406
 492     3.817     7.660     7.315  548  574  817  777
 493   -21.227    -6.800   -15.889  807  760 1065 1026
 494    17.347    -0.928    -4.528  693  692  960  926
 495    50.573    -9.489     0.739  863  804 1120 1141
 496    12.614     5.728   -14.292  581  593  815  781
 497   -29.073     9.932     3.492  530  533  778  704
 498    25.086   -21.305    17.783 1016  926 1345 1372
 499    12.698    10.968    22.851  518  508  766  739
 500   -55.142   -22.261    -9.257 1032  940 1360 1327
 501     3.810    21.069   -10.451  352  384  548  444
 502   -59.389   -26.181   -18.722 1069  997 1408 1367
 503   -33.523   -14.296   -19.475  928  854 1221 1185
 504     9.488   -14.454    -5.279  937  861 1233 1222
 505   -27.272    16.126    16.434  419  428  683  613
 506   -28.879   -16.643    20.584  935  874 1339 1285
 507    26.220    20.559    19.463  358  389  576  539
 508    12.313     5.253     1.616  602  602  826  810
 509    24.698     8.778   -11.997  541  570  776  707
 510   -56.290   -28.517     4.214 1085  998 1497 1451
 511   -48.983   -30.888   -21.192 1129 1046 1492 1418
 512   -11.487    22.572    -3.203  313  338  525  464
 513   -49.755   -19.687    -4.611  996  913 1341 1287
 514   -27.875    19.158     3.194  365  392  616  540
 515   -60.664    37.178    -0.250  155  131  258  218
 516    11.645   -22.773     5.030 1042  944 1357 1376
 517     5.966    44.293    -6.168   94   78  132  100
 518    10.904   -30.036    20.145 1101 1013 1550 1492
 519    39.199    23.354    16.308  328  336  513  445
 520   -19.585   -13.441    -4.479  904  848 1229 1174
 521   -29.688    -9.280   -19.782  826  793 1148 1063
 522   -27.736     5.121   -16.805  577  611  852  765
 523   -20.013    38.080     3.630  137  151  244  192
 524   -62.116     4.760    15.576  569  588  930  832
 525    39.934    11.994    21.134  495  519  727  716
 526    38.010    50.358    12.133   -1   45   55   32
 527    50.053    44.359     2.872   91   -1  120   98
 528    38.317    50.802    10.080   -1   42   49   23
 529    28.051   -29.758    22.393 1106   -1 1507 1534
 530    35.795    51.116   -22.148   20   -1   31    5
 531   -43.458    43.747   -14.765   82   76   -1  111
 532    55.785    38.147     9.081   -1  164  215  188
 533   -17.232    17.254    -4.314  402  419   -1  556
 534   -64.106    25.840     9.877  281  278   -1  406
 535   -51.965    19.188   -16.543  371  381   -1  515
 536   -49.671    28.113     9.174   -1  258  455  364
 537    16.674    28.515   -24.148  261   -1  379  331
 538    35.096    -8.218     7.480  838  773 1111   -1
 539   -51.912    21.515   -10.018   -1  342  561  466
 540   -14.107     3.978    12.985  611   -1  898  860
 541    33.970    48.962    11.647   49   56   75   -1
 542   -51.977    20.530   -18.231  350  359   -1  485
 543   -47.419    -7.889   -21.670  810  775 1101   -1
 544    37.037   -13.715    -2.863   -1  852 1203 1227
 545    24.307    50.724     5.594   35   -1   50   25
 546    39.264     5.184    20.558  591   -1  867  855
 547    49.222    35.731     3.580  179   -1  269  228
 548    -4.038   -31.765    -5.131 1145 1063 1509   -1
 549   -18.347    27.710     8.658  272   -1  444  370
 550   -26.203    51.100     8.027   -1   25   53   29
 551   -26.939    49.405    -4.356   -1   30   74   48
 552    28.919    22.968   -12.065  322  352  491   -1
 553    36.984   -12.945   -17.986   -1  856 1155 1173
 554    52.923    37.614     9.124   -1  168  234  199
 555   -14.996   -30.010    11.633   -1 1010 1537 1473
 556   -51.645    37.989    -5.114   -1  127  252  194
 557    43.415    26.813     3.860  289   -1  430  379
 558   -34.384    37.535    -9.548  141   -1  251  200
 559    16.959    51.324     5.667   26   -1   40   15
 560   -28.701    13.508    11.670   -1  469  737  649
 561    36.730   -34.481   -11.753   -1 1098 1522 1549
 562    40.435     1.133   -16.353  678  674  880   -1
 563    52.654    49.419    12.200   -1   57   65   43
 564   -24.429    24.194   -25.296  305   -1  472  397
 565    -2.889    27.146     3.214  275   -1  446  373
 566    11.194   -26.978    10.262 1086  989 1438   -1
 567   -50.105    50.875    -0.927   -1   22   57   37
 568    51.325   -13.158   -14.076  932  859   -1 1196
 569    41.531    -4.887   -16.026  786   -1 1010  996
 570   -13.539    48.901     8.692   46   -1   79   57
 571   -26.291   -10.592   -21.920  862   -1 1144 1089
 572    -9.632   -28.870     9.539 1097   -1 1488 1457
 573    38.911    13.291    10.448  474   -1  704  674
 574    -3.522   -31.667     5.583 1136 1023 1566   -1
 575    51.688    30.158    -0.063   -1  262  365  319
 576   -63.595    33.270    10.840  203  179   -1  292
 577   -49.320    43.622    15.313   -1   84  152  127
 578   -60.290    53.725    11.653    8   14   25   -1
 579    50.203     6.586     7.554  579   -1  811  798
 580   -30.541   -23.249    24.386 1023  934   -1 1395
 581    35.416   -23.843     8.428 1072  953 1365   -1
 582    26.126     1.400    15.199  659   -1  934  923
 583   -39.407   -13.935    22.072  884   -1 1290 1248
 584    36.609    -4.255   -15.756  760   -1 1002  990
 585    30.606    34.795    11.286   -1  195  290  246
 586    34.361    13.909     2.120  467  486  677   -1
 587    39.210    17.325     4.733  411   -1  621  573
 588   -62.496     7.737     3.865  540  552   -1  762
 589   -62.022    35.201    11.620  177  155   -1  252
 590   -38.765    33.717    14.319  201   -1  345  287
 591    48.780    41.982     7.157  116   -1  153  133
 592   -22.509   -26.503    13.373 1074   -1 1460 1428
 593    30.220    22.767    -2.029  335  350  501   -1
 594    22.220   -34.121   -11.386   -1 1097 1529 1530
 595   -61.210    30.441     9.588  238  224   -1  328
 596   -53.232    17.991   -23.053  386  401   -1  519
 597    19.973    33.250     4.452  207   -1  322  280
 598   -27.215     6.994    -2.064  557   -1  824  768
 599     7.436    34.232     5.925  198   -1  305  258
 600    14.737    37.423    17.610  159   -1  259  213
 601   -41.506    -8.480    16.108  804  763 1186   -1
 602    38.288    43.042    10.963   -1  105  141  123
 603    39.039    -1.070     4.274  705   -1  964  966
 604    39.260     7.474     8.871  563   -1  797  785
 605   -49.813    22.199    -2.341   -1  333  553  447
 606    48.260    42.609     7.113  110   -1  144  126
 607   -19.895    29.164     8.561  259   -1  413  346
 608   -24.771    22.891     7.106  318   -1  535  454
 609    40.751     3.301   -19.474  643   -1  843  803
 610    31.633    26.037    16.037   -1  312  461  399
 611   -19.302    23.065     9.513  316   -1  534  455
 612    -1.269   -10.775     8.018   -1  807 1196 1170
 613   -62.698    19.115    10.500  373  377   -1  544
 614    36.064    -3.655     8.903  753  707 1024   -1
 615   -51.709     5.544   -13.654  570  591  841   -1
 616    11.551    48.275    11.973   52   55   -1   63
 617    10.131    22.044     8.536  343   -1  544  481
 618    54.365    50.905    14.391   -1   47   41   16
 619   -31.201   -26.134     8.122   -1  981 1451 1415
 620    18.492   -30.285    23.584 1104   -1 1555 1547
 621   -50.096    39.015    -0.576   -1  116  231  182
 622     0.728   -19.052     8.371  986   -1 1323 1312
 623   -56.622     9.635    22.733   -1  514  825  755
 624   -61.946    13.611   -19.594  448  460   -1  612
 625    -7.625    27.095     9.661  274   -1  456  380
 626    24.781    16.094     9.322  436   -1  662  603
 627   -17.161   -16.521    11.280  947  884   -1 1271
 628    39.585   -35.839    11.710   -1 1093 1585 1563
 629   -51.699    23.459   -11.469   -1  316  506  423
 630   -25.452   -15.057    11.445  913   -1 1282 1255
 631   -49.518   -14.548     3.959   -1  849 1269 1231
 632    -7.303   -17.416    12.129  966   -1 1312 1292
 633    41.622   -24.718    11.257 1067   -1 1382 1423
 634   -12.903   -34.523   -24.637   -1 1099 1538 1474
 635   -18.043    21.770    22.921  346   -1  589  507
 636   -59.580    12.889   -11.521  459  477   -1  632
 637   -22.962    -4.972    -4.432  762   -1 1058 1006
 638    22.001   -31.460     6.800   -1 1035 1517 1512
 639    17.636    31.371    11.619  244   -1  360  309
 640   -49.529    23.131     0.621   -1  319  542  432
 641   -51.939    18.419   -16.906  381  388   -1  522
 642   -44.960    49.719     5.566   41   -1   72   53
 643   -44.190   -33.292     6.889 1140   -1 1586 1545
 644   -50.030    51.812     0.401   -1   19   43   17
 645   -12.579    47.851    19.236   56   -1   91   76
 646     6.560     4.985     7.908   -1  600  864  829
 647   -25.868   -18.618   -22.207  988   -1 1283 1249
 648    10.344   -19.103    14.320  989  905 1328   -1
 649   -30.987     2.147     8.941  629   -1  943  884
 650    36.743   -11.734    -5.081  889   -1 1172 1164
 651   -55.839    21.800    -5.646  330   -1  558  462
 652    24.005   -25.125    22.781 1062   -1 1430 1439
 653    54.863    13.390     9.519   -1  496  695  653
 654   -17.455     2.756     3.900  625   -1  914  869
 655   -62.592   -10.522   -21.773  848  815   -1 1079
 656    53.886    47.682     2.299   -1   73   82   59
 657    12.912    52.737    -6.490   11   21   27   -1
 658     5.236   -29.139   -19.674 1111 1026 1425   -1
 659    -2.405    12.733     7.648  476  488   -1  666
 660    50.706     2.200    12.765  650   -1  901  904
 661    38.861    31.568    13.809   -1  244  356  310
 662    51.397   -34.954    18.231 1157 1088 1580   -1
 663   -30.477   -20.655    12.753  993   -1 1367 1341
 664    20.021    15.081    10.190  447  458   -1  623
 665   -21.159    30.531    15.976  249   -1  393  330
 666   -22.990    17.037     9.645  405  413   -1  579
 667     4.709   -32.654    17.288 1137 1051   -1 1556
 668   -63.736   -14.184    -8.745  894  847   -1 1198
 669    35.431    17.047     8.964  425  430  625   -1
 670    29.784    13.262   -12.213  472  498  684   -1
 671   -29.377    42.158   -11.531  102   -1  163  129
 672    13.299    26.675   -20.501  283   -1  411  360
 673   -49.538    21.945    -5.959   -1  331  566  450
 674   -36.098    -9.085     5.942  827   -1 1177 1112
 675   -10.226   -21.970    12.945 1011  932   -1 1361
 676    28.436    47.129    -7.793   53   62   99   -1
 677   -11.558   -12.353    23.649  867   -1 1249 1234
 678    33.512    -8.867    12.690  837  783 1153   -1
 679   -65.186    21.585    -7.641  326  340   -1  460
 680   -34.706    -1.329    22.674  679   -1 1050  980
 681    55.424    -5.955     6.332   -1  753 1053 1069
 682   -24.110    20.477    25.093  364  367   -1  537
 683    56.088    10.736    12.006   -1  545  748  715
 684    18.459    -3.115    10.704  721   -1 1035 1002
 685     4.096   -11.927     8.944  879   -1 1209 1203
 686    14.661   -24.839    21.078 1065  956 1424   -1
 687    15.097   -15.390    -0.998  941  885   -1 1239
 688   -45.149     0.899    21.333  641  643   -1  934
 689    20.072   -31.597    15.278   -1 1034 1559 1550
 690   -57.697     1.684    25.459   -1  625 1019  919
 691    39.715    20.679    18.913   -1  373  574  536
 692   -21.698    46.917    14.050   64   -1  108   81
 693   -47.650    47.731    -1.118   -1   40   96   74
 694    34.508    20.266     9.715  372  393  577   -1
 695    28.899    38.244    12.290  149   -1  226  198
 696   -40.083    52.411    -2.822   18   18   -1    4
 697   -46.913   -11.034   -21.090  860   -1 1165 1100
 698   -20.988    -6.202    19.567  765   -1 1137 1080
 699    50.438   -14.769    10.420  948  866 1227   -1
 700     1.498    43.062   -19.905   95   -1  136  109
 701    28.527     4.833    -6.367  613  616  837   -1
 702    19.869   -27.324   -19.444 1105 1000   -1 1386
 703     7.258   -17.305    14.036   -1  890 1302 1298
 704    14.205    23.685    14.359  311   -1  507  442
 705    44.488     0.085     4.673  692  673  937   -1
 706    27.673    20.956     6.315  363   -1  554  503
 707    35.785    35.202    -6.611  186   -1  275  223
 708   -59.894     7.378   -21.135  543  565  819   -1
 709    40.856    28.770    -8.422   -1  269  377  341
 710   -50.110    29.085    -1.799   -1  242  422  345
 711   -28.181    36.015    -3.512  166   -1  276  225
 712    29.460    -1.849     1.904   -1  693  979  974
 713    25.158   -33.137     2.365   -1 1068 1553 1553
 714    24.370   -31.001     0.767   -1 1044 1486 1479
 715    50.247   -18.906     9.345   -1  903 1297 1328
 716   -52.744    10.508   -22.976   -1  516  757  661
 717    -6.425   -25.440    -6.617 1063  993   -1 1380
 718    12.944     4.438     7.478  614  609   -1  840
 719   -50.143    40.616    -0.988   -1   99  192  157
 720   -53.084    27.848    -9.712   -1  257  449  352
 721   -10.896   -19.925     4.941  997  916   -1 1318
 722    23.329     1.388     8.744  651   -1  923  912
 723    56.364    27.363    18.351   -1  299  432  386
 724   -40.934    23.326     9.359   -1  320  538  443
 725   -34.839    49.532   -18.283   31   -1   70   40
 726    57.404    16.097    16.340   -1  449  653  615
 727    25.649    45.636     9.465   69   -1  118   92
 728   -38.270    40.153     9.636  121   -1  211  167
 729    18.774     4.902     7.369  616   -1  856  826
 730   -19.191     8.547     6.253  536   -1  809  756
 731   -31.470   -12.508     9.158  873   -1 1234 1213
 732    16.401   -32.686     7.375   -1 1064 1564 1552
 733    39.982     6.860     8.957  587   -1  796  792
 734    18.536    15.252    12.701  444  454   -1  624
 735   -32.471     3.488    19.344  610   -1  936  873
 736   -49.366   -16.433     0.204   -1  877 1293 1260
 737   -30.476   -27.822    -9.487   -1 1002 1447 1409
 738   -26.625    12.138     6.445   -1  492  751  677
 739   -43.498   -25.374    -5.350 1059  982   -1 1364
 740    29.423     7.839     2.297   -1  577  800  757
 741   -61.468    -1.734    12.212  683   -1 1048  976
 742   -42.087   -18.410     5.182  967  900   -1 1288
 743   -28.119    -4.676   -13.116  754   -1 1036  998
 744    19.208    12.650   -14.417  478   -1  698  638
 745    29.438    11.940    -3.617  484  525  734   -1
 746    47.467    20.081   -23.965  378  399   -1  478
 747    -4.956    28.797     9.458  263   -1  418  356
 748   -32.703    35.876   -18.305  156   -1  277  216
 749   -59.369    -7.983    11.978   -1  755 1180 1098
 750    19.652   -22.994    19.796 1034   -1 1386 1404
 751    -8.736    -6.022    11.471  780   -1 1106 1068
 752     5.845   -20.379     7.681 1002  922   -1 1332
 753    10.540    -3.085     6.553  717  696   -1  991
 754   -27.034     1.303     0.926  648   -1  942  886
 755    -6.795   -18.472    10.921  977   -1 1324 1305
 756    22.907    -0.014     2.433  690   -1  947  924
 757    25.314   -15.552    12.571  952   -1 1261 1273
 758   -59.040    46.311   -23.163   51   49  105   -1
 759   -55.499    41.834   -10.169   -1   92  170  141
 760    -2.682   -16.277     4.041  957   -1 1270 1266
 761   -56.629     5.619   -20.894  566  585  840   -1
 762   -27.440     5.516     1.680  584   -1  860  797
 763    54.603    17.656    -6.350   -1  434  602  554
 764    35.406    49.642   -16.153   -1   48   51   30
 765   -31.838    49.795   -14.950   -1   24   61   45
 766   -51.606    13.442   -14.224   -1  466  714  619
 767    21.023   -31.419    10.569   -1 1019 1542 1535
 768   -52.261    -4.236   -15.318   -1  726 1041  977
 769   -61.487   -25.827    15.120 1052   -1 1477 1414
 770   -30.386     9.017     2.709   -1  542  795  738
 771   -56.022     0.069   -10.556  653  670  975   -1
 772    37.573     5.045    23.697  583  612  869   -1
 773   -13.307     6.876   -14.239  560  583  801   -1
 774    25.042    15.705   -14.893  445   -1  623  574
 775    -8.053   -30.870   -17.145   -1 1071 1463 1445
 776    43.130   -31.628    -2.291 1151 1084 1466   -1
 777   -13.207    -1.170   -18.831  694   -1  959  907
 778   -61.899    32.159     2.260  216   -1  362  298
 779    -8.983    -7.579     9.666  809   -1 1134 1091
 780   -50.052    39.868     0.247   -1  113  206  160
 781    12.238    19.853    -7.675  368   -1  573  513
 782    39.571    -3.276    15.961  744   -1 1028 1019
 783   -34.229   -25.767    22.615   -1  972 1472 1435
 784   -60.096    20.047    20.545  355   -1  652  528
 785   -49.512   -26.487    -2.040   -1  992 1450 1389
 786    -3.047    -4.076    21.649   -1  703 1083 1037
 787     1.990    11.088    17.683  501  518  772   -1
 788    29.945    40.163     4.882  124   -1  182  156
 789   -14.974     5.890    15.603  567   -1  882  806
 790   -35.616    21.826    20.016  336  343  600   -1
 791    18.169    37.227     9.614  171   -1  248  204
 792    28.966    10.485     4.083  517   -1  755  712
 793    28.220   -22.355   -21.642 1057  971 1310   -1
 794    38.049    36.829     3.762  172  165  241   -1
 795   -50.477     7.814   -23.475   -1  553  808  705
 796     4.208    -0.823     6.685  686   -1  993  955
 797    -9.068    38.881    -3.011  132   -1  212  178
 798    14.385   -31.936   -14.096   -1 1076 1470 1467
 799     7.222    17.428   -26.525  404  429  585   -1
 800    40.681   -32.526     5.464 1154 1066 1557   -1
 801    39.145    29.537    18.411   -1  267  392  338
 802    -4.708   -24.489     9.444 1054  968   -1 1390
 803     3.136   -31.263    -8.450   -1 1072 1482 1458
 804    55.134    -7.953     6.608   -1  779 1092 1114
 805   -30.270     4.906   -12.547  606   -1  842  786
 806    39.272     2.356     2.275  649   -1  873  891
 807   -49.172    14.431    12.769   -1  450  733  628
 808   -16.850   -20.819    15.873   -1  906 1371 1355
 809    21.368     0.344   -11.422  685   -1  907  899
 810   -48.684    28.388   -12.596   -1  259  433  333
 811    20.999    -4.803    11.145  766  733   -1 1031
 812    -9.477    -4.238    -8.723   -1  723 1034  992
 813    -3.623   -18.623     7.819  979   -1 1327 1297
 814   -58.544   -13.814    -3.972  883   -1 1252 1206
 815   -49.002    -1.256    10.638   -1  677 1027  970
 816    14.398   -14.940   -12.619  940  879   -1 1229
 817     5.528   -21.921    -5.137 1033   -1 1340 1344
 818   -46.529    27.466   -11.950   -1  260  447  363
 819    30.424    18.200    26.089   -1  404  635  580
 820     8.261    38.465    11.603  148  136  236   -1
 821   -46.116    16.806    20.794   -1  418  688  597
 822   -60.233    -4.918    16.941   -1  719 1124 1032
 823    33.580    52.508    10.964   19   33   22   -1
 824     5.088    40.912    -2.552   -1  117  168  151
 825    38.105    38.839    11.095   -1  141  214  181
 826    -0.672    13.157    15.556  465  480   -1  680
 827   -18.038    -6.094   -13.734  790  747   -1 1016
 828     0.178   -26.559    13.597 1077   -1 1454 1429
 829   -22.565    34.024    24.748  196   -1  352  288
 830   -53.448    11.406   -24.117   -1  500  745  640
 831   -40.286    31.490    22.568  235  211   -1  320
 832    -9.112    14.257   -19.938  451  472   -1  590
 833    28.303   -33.847    18.059 1155 1079 1570   -1
 834   -24.014    26.929    13.587  279   -1  458  384
 835    -3.142    -2.513   -22.522  711   -1  972  935
 836    -2.470    32.755     7.542  213  220  347   -1
 837    40.305    14.089   -22.039  464   -1  644  602
 838   -36.158    -3.384   -18.141   -1  727 1017  950
 839    13.786   -24.545     5.691   -1  973 1379 1401
 840   -39.991   -22.186    16.535   -1  930 1403 1362
 841   -44.739   -30.203    10.538 1098   -1 1569 1459
 842   -37.104     3.820    11.977   -1  594  918  863
 843   -37.850   -19.889    -6.254   -1  924 1330 1293
 844    51.362    -3.445    -5.061  755   -1 1004  984
 845   -35.436    22.661    -5.333  319  328   -1  430
 846    -1.825     6.200    24.618  568   -1  868  831
 847    16.229    37.196   -23.609  144   -1  229  191
 848    21.727    24.692    13.486   -1  317  486  427
 849   -29.042    -5.985    15.552  751   -1 1129 1076
 850    -1.091     2.972     1.479  631  624   -1  868
 851    12.870    -0.036    20.086   -1  675  987  959
 852     3.727    25.578   -22.127  297   -1  438  378
 853   -48.355    32.489   -16.914   -1  199  344  272
 854   -49.650    25.670    -8.807   -1  285  482  393
 855    34.222   -23.323     6.902 1055  960 1364   -1
 856     7.818   -29.849   -17.213 1127 1033 1435   -1
 857     6.871    22.929    23.080   -1  337  536  487
 858    -8.732   -19.788     5.527  994  914   -1 1317
 859    26.204   -27.110    18.850 1083   -1 1458 1456
 860   -58.540   -20.023   -14.811 1003   -1 1325 1280
 861    53.834    21.712    -3.486   -1  376  515  479
 862   -22.415    10.549    -1.272  502   -1  770  700
 863     9.120     9.946    26.301  519  538  802   -1
 864   -24.668   -12.589   -16.875  891   -1 1190 1144
 865    34.787    19.838     6.103  375  402  582   -1
 866   -29.170   -24.285   -10.528   -1  974 1383 1351
 867   -58.827    24.722    12.130   -1  303  528  412
 868    -4.737    48.309   -11.369   48   39   -1   61
 869   -21.146    -7.314    17.945  798   -1 1154 1094
 870    10.764   -22.199   -12.426 1038   -1 1334 1335
 871   -38.011    35.352     1.413  170   -1  303  236
 872    14.743     9.687     0.706  531   -1  771  721
 873     2.166    39.327    -4.045  135  132  184   -1
 874   -14.520    20.436     9.663  361   -1  599  518
 875     0.055    -6.491    -2.872   -1  762 1090 1029
 876    24.113     2.976   -17.539  635   -1  850  836
 877    35.908    16.712    -6.123  420   -1  630  555
 878   -22.205    -1.728   -17.634  697  689   -1  941
 879    41.357   -21.921    -9.657 1053   -1 1317 1339
 880   -19.530    23.015    -8.712  324   -1  502  428
 881    -7.793   -21.966    -6.774 1027  949   -1 1333
 882     9.506    27.687   -30.487  266  283  381   -1
 883    13.880    -7.970    17.863  815  767 1139   -1
 884   -12.174    21.896    22.711  331   -1  586  511
 885   -21.967    -9.361    -1.856  841   -1 1146 1121
 886   -49.261    33.723   -13.566   -1  182  334  240
 887    48.374    36.172    18.340  178   -1  280  224
 888    -0.940    17.994   -28.306  401   -1  583  516
 889    32.771   -20.758    18.708 1017  919 1336   -1
 890   -17.243   -10.867    21.936  852   -1 1230 1189
 891    21.894    11.688     5.153  505   -1  739  686
 892   -35.901    40.360    12.833  122   -1  193  176
 893    -8.537    15.455    -5.531  427  457   -1  577
 894    39.645    -3.225     0.289  742   -1  992 1004
 895   -11.527    49.135    -3.698   40   -1   76   52
 896   -11.801    -6.328    -7.028  788   -1 1073 1036
 897    38.770     0.806     2.556  670   -1  919  916
 898   -38.938   -18.812   -11.509  987   -1 1304 1274
 899   -22.192    30.036    20.792  253   -1  406  342
 900    28.464    -0.595   -21.100  707  688  909   -1
 901    17.954    26.683    -8.773  284   -1  425  376
 902   -62.074   -13.918     9.823  888   -1 1268 1237
 903    51.089    -8.661    -5.755  846  800 1102   -1
 904    -7.039   -18.232   -14.496  982   -1 1271 1269
 905   -50.729    10.751    -4.600   -1  510  779  676
 906     6.887     4.915    10.956  593  607   -1  823
 907   -19.257    12.270    -3.628  480   -1  720  667
 908     4.806    31.180   -14.759  220  238  361   -1
 909   -16.383   -18.588    24.503  971  894   -1 1337
 910    17.844    51.902    -2.375   17   -1   30   10
 911    23.169   -33.132     3.896   -1 1077 1567 1541
 912    -7.170   -13.135    19.271  898   -1 1242 1238
 913    14.588   -11.181   -12.942  875   -1 1143 1142
 914     9.618   -12.169   -12.119  895  837 1171   -1
 915   -34.580   -18.533    10.812  976   -1 1331 1302
 916    37.324    39.769    -0.245   -1  138  180  153
 917    52.887    15.982    10.773   -1  462  657  605
 918    -0.872    23.687    -7.494  309   -1  485  429
 919   -50.974   -15.725   -18.020  949  880 1238   -1
 920    16.076    11.468    19.818  512  497   -1  717
 921     0.232   -17.788    -7.234  973   -1 1279 1276
 922   -35.979    -6.442    22.814  757   -1 1167 1086
 923   -23.681   -15.100     3.963  924   -1 1256 1253
 924     2.844    16.453     2.401  418  439  668   -1
 925    18.586    29.901    -1.012  246   -1  390  318
 926   -29.248   -15.932     0.577  925   -1 1289 1240
 927    55.332    -6.052     0.229   -1  766 1051 1052
 928   -49.941   -18.789    -6.506   -1  911 1333 1267
 929   -56.341    50.191    -2.247   28   -1   78   39
 930     0.171   -25.716   -13.122   -1  991 1393 1365
 931    13.234    45.787    11.462   81   -1  114   84
 932     5.541    19.074    -2.776  387  398  594   -1
 933   -51.735     1.660   -24.673   -1  653  894  842
 934    -0.986    29.358     8.434  250   -1  424  343
 935   -49.230    13.786    -0.798   -1  463  713  633
 936   -21.946    23.187   -18.072  312   -1  492  422
 937   -57.193    29.579   -10.424  233  241  405   -1
 938    -4.652    33.639    -5.866   -1  198  321  253
 939   -14.353    25.625     5.299  288   -1  475  418
 940    55.452    19.467    10.771   -1  416  598  521
 941    18.873    41.097    30.219   -1  123  194  150
 942    21.084    40.563    13.100  120   -1  185  161
 943    36.566    54.378    -7.795    4   16   10   -1
 944    12.849    26.776    27.732  280  294   -1  410
 945    23.193    -0.070   -22.924  687   -1  892  898
 946    -7.217     4.955    22.032  604  586   -1  846
 947    -3.675    37.650     0.661  139   -1  253  209
 948    -2.180     0.570   -13.517  661   -1  927  876
 949   -61.007   -12.003    -7.111  876   -1 1208 1160
 950    39.065     2.105    -6.847  662   -1  865  881
 951    53.691     4.658     2.736   -1  628  829  825
 952   -11.223   -10.664    -0.755   -1  813 1161 1153
 953    16.560   -32.525     4.074   -1 1045 1565 1523
 954   -16.558    -2.248    18.533  691  691 1061   -1
 955   -20.208    20.390    13.553  354   -1  608  532
 956    34.912    -2.870   -20.233  718   -1  977  947
 957   -24.743    13.887   -11.084   -1  452  697  626
 958    10.002     8.161     6.855  559   -1  792  760
 959   -31.150    17.423     1.118  399   -1  632  569
 960    -8.969    16.728    -6.502  408  426   -1  567
 961    15.060   -29.852   -19.634   -1 1057 1439 1421
 962   -56.535    21.670    -0.024  348   -1  564  469
 963    24.954    -8.869   -24.057  853   -1 1082 1051
 964    21.363    50.734    -2.499   38   -1   36   19
 965   -14.456   -15.216     4.382  912   -1 1266 1254
 966   -12.094   -20.434   -20.751 1022  931   -1 1281
 967   -29.213    -6.804    12.833  769   -1 1142 1082
 968    47.849   -15.199   -23.382  964   -1 1200 1210
 969    13.507    41.706    20.363   -1  110  165  154
 970     1.268   -14.712     7.807   -1  862 1244 1242
 971     9.566    23.721     7.817  306   -1  509  433
 972    27.877    -7.080    14.830  817   -1 1100 1105
 973     4.400    37.740    -0.463  160  142  216   -1
 974   -17.764   -13.801    14.958  907   -1 1241 1244
 975     7.140   -25.992     0.584 1076  988 1412   -1
 976    -7.362   -31.435   -23.227   -1 1087 1467 1436
 977    -1.539    11.003    22.536  508  501   -1  728
 978   -24.984    -1.521   -20.022  695   -1  953  929
 979    40.415    51.827     8.285   21   -1   44    2
 980    -6.433    42.254   -20.952   93  101   -1  128
 981    20.866   -33.944    14.377   -1 1050 1574 1558
 982    15.294    -6.657    13.114  791   -1 1094 1109
 983    46.964    39.050     9.149  140   -1   -1  175
 984    -3.321    51.632    10.415   25   26   -1   -1
 985    55.616   -35.221    23.446   -1 1090   -1 1565
 986    47.512    -5.418     6.352  794   -1   -1 1053
 987   -53.530    55.632     3.872    1    0   -1   -1
 988    47.416   -14.216    21.511   -1   -1 1237 1275
 989    54.989   -35.014     3.531   -1 1095   -1 1557
 990    35.252   -25.547   -29.260 1094   -1 1342   -1
 991    43.448    57.227   -22.877   -1   10    0   -1
 992    41.232    46.279    13.955   71   88   -1   -1
 993   -57.926    12.351     0.711   -1  483  753   -1
 994     8.494    51.582   -34.451   15   -1   21   -1
 995   -57.014    10.480   -32.386   -1  522   -1  646
 996   -63.387    10.807    10.899  494   -1   -1  703
 997    46.043   -10.934     9.426  868   -1   -1 1214
 998    51.022    53.617    16.661   -1   23   18   -1
 999    27.299    11.232   -23.529  527  520   -1   -1
1000    38.691    55.597    19.745    7   15   -1   -1
1001    -8.169   -16.291   -30.318  970   -1 1218   -1
1002    55.896    57.248     7.003   -1   13    4   -1
1003    14.935    54.132   -20.166    2   -1    9   -1
1004    -9.103    45.394     0.758   70   77   -1   -1
1005   -18.205    56.044    -9.369   -1    7    7   -1
1006   -61.859     0.001   -16.030  668  662   -1   -1
1007   -55.543   -28.023   -23.555   -1 1008 1443   -1
1008    56.617   -13.307    12.222   -1   -1 1217 1235
1009    -9.168   -33.335     5.090   -1   -1 1582 1520
1010    46.032    14.831    -6.083  446   -1  667   -1
1011    35.042   -26.686    11.690 1096  979   -1   -1
1012   -64.290   -19.789     5.034  972   -1   -1 1313
1013    44.242    47.406     3.461   -1   67   -1   70
1014   -51.816    44.195    -9.694   -1   61  145   -1
1015    -5.783    31.217     8.917  247   -1   -1  300
1016   -28.121    21.295   -14.494   -1  365  531   -1
1017    -9.524   -29.197    15.969   -1   -1 1512 1470
1018    -0.418    23.037     9.869  323   -1   -1  452
1019   -49.439    21.211     3.758   -1  349  588   -1
