1129
   1    10.387    13.396     9.501  523  498  746  710
   2    22.335    41.058     8.714  140  141  214  173
   3    24.206    36.015     9.945  205  199  318  263
   4   -26.231    45.108    12.563   98   82  159  115
   5    22.235    31.173     6.774  277  260  392  341
   6    38.479    23.036    17.065  387  379  565  522
   7   -21.867    35.410    10.900  209  190  336  275
   8   -25.975     1.122    12.917  703  676 1008  960
   9    38.913    50.369     6.976   57   53   62   31
  10     1.605    -6.657     6.809  852  789 1156 1135
  11     8.748    28.981    12.416  309  290  460  385
  12     9.683   -14.567    10.696  986  893 1310 1315
  13    13.861    15.921     4.280  492  470  691  656
  14   -16.054    26.505     7.889  336  314  511  437
  15    15.112   -31.374    12.787 1232 1074 1671 1644
  16   -11.273     1.833     3.908  697  668  961  935
  17     5.953     9.942    11.109  573  550  818  777
  18   -23.068    48.863     0.331   65   49   97   66
  19    38.255    11.271    -0.688  564  542  769  737
  20   -17.198    18.958    11.386  437  412  657  603
  21    16.478   -12.881     4.854  961  870 1268 1274
  22    -6.966   -28.803   -18.621 1189 1078 1526 1501
  23   -17.676    47.952    13.428   79   60  113   82
  24   -33.322    -9.912    10.700  883  823 1255 1209
  25     7.877    33.259    10.605  241  224  368  313
  26    -4.575    34.018     0.578  228  207  348  290
  27   -10.298    36.861     3.739  188  169  306  246
  28   -48.246    34.063     8.285  232  194  367  299
  29    -5.041    37.141     4.730  183  168  301  240
  30   -49.023    16.578    11.204  461  448  715  654
  31   -17.026    44.117    23.091  110  107  179  136
  32     3.059   -27.117    10.097 1159 1041 1552 1526
  33    27.779   -30.707     5.812 1235 1089 1599 1584
  34    11.964    49.712    -4.361   52   50   75   44
  35   -35.635    29.631     7.276  293  259  455  377
  36    19.349    21.976     7.602  399  389  579  539
  37   -48.329    40.341    14.362  141  126  270  191
  38     6.458    13.097    11.368  525  504  760  721
  39   -16.759   -20.400     6.999 1059  959 1430 1399
  40    28.060    39.881    10.480  159  157  234  193
  41   -24.778     1.347    16.997  695  667 1014  967
  42     1.150    22.337    10.181  388  369  586  530
  43    38.665    50.349     8.304   56   55   65   29
  44    20.107    40.786    -2.551  139  144  212  172
  45   -11.617    -9.512     6.182  892  822 1222 1195
  46   -21.015   -16.216     9.165 1004  908 1367 1339
  47   -18.732    44.597    15.221  104   92  164  124
  48     2.323     3.020    11.267  677  647  952  923
  49   -11.774    19.231     4.091  435  414  643  588
  50   -45.821    15.477    18.469  487  445  755  683
  51    -1.527   -30.794   -11.937 1242 1120 1569 1546
  52    17.928   -20.366     8.287 1070  961 1415 1412
  53    19.664     8.662     9.202  597  574  828  798
  54   -47.797   -30.311    -1.240 1183 1103 1653 1541
  55    39.265    10.532    12.233  578  539  792  769
  56     7.669    13.439    -0.498  522  497  733  693
  57    36.836    49.573     4.293   62   59   79   47
  58   -27.716    15.574     4.404  484  465  716  661
  59    13.847     4.103     7.418  663  631  917  899
  60   -13.452    49.986    -1.925   48   42   78   45
  61   -26.975    17.452     5.412  456  437  682  628
  62    11.770   -29.308   -12.622 1214 1077 1537 1520
  63   -12.926   -11.290     9.505  924  844 1265 1248
  64     8.611    43.580     8.828  111  113  174  131
  65    22.475   -30.906     2.352 1234 1099 1601 1587
  66    13.114     1.081     7.106  718  685  966  959
  67   -13.584     6.774     8.231  610  590  876  834
  68    -5.916    -6.765    11.412  847  787 1177 1151
  69    21.550    50.848     9.315   46   46   60   23
  70    -6.921    39.783     1.840  153  146  243  194
  71   -14.099    39.251    -6.186  155  151  247  199
  72    -9.321   -20.839    10.378 1063  963 1443 1416
  73    19.674   -19.386    14.054 1055  946 1400 1406
  74   -14.627   -29.933    12.683 1185 1060 1656 1567
  75   -47.475     7.743    -7.845  592  571  851  790
  76    37.240    12.928    -1.770  536  514  730  702
  77    -7.978     3.380     4.982  671  639  937  907
  78    23.662    23.726     7.324  370  363  544  484
  79    39.140   -31.932     8.242 1255 1095 1639 1667
  80   -44.897   -30.903     3.586 1204 1097 1673 1555
  81   -13.540    47.439     9.214   80   64  121   87
  82   -23.780   -22.030    12.501 1074  974 1472 1428
  83    24.847    36.916     0.446  192  187  288  238
  84   -11.911    20.292     6.341  418  397  630  575
  85    -5.925    -9.274     6.826  886  819 1213 1192
  86    13.351    22.045     6.789  395  384  580  538
  87   -33.970    51.736     7.064   32   28   57   21
  88     6.513   -29.033   -20.434 1215 1071 1532 1486
  89   -10.114   -31.041     2.527 1224 1086 1647 1561
  90    -4.442    -5.679    12.139  834  769 1152 1128
  91    39.488     3.962    13.494  668  638  915  927
  92   -17.574   -29.932    13.995 1181 1059 1666 1569
  93   -15.779    -0.709    10.827  743  701 1050 1004
  94   -24.819    40.019     8.253  150  137  250  197
  95    16.817     3.473     6.616  675  645  926  910
  96   -21.434   -20.616    11.949 1056  958 1450 1409
  97    -4.091     2.806     9.393  679  651  957  924
  98    36.132    22.218     4.675  393  395  567  516
  99    41.911    28.069     5.678  322  318  446  399
 100   -29.289    31.758    11.445  259  229  407  338
 101    39.429    -8.200    11.834  884  811 1176 1194
 102   -12.923   -30.793     4.832 1218 1072 1652 1564
 103    18.242   -17.258     8.241 1033  928 1362 1368
 104     0.719   -31.049   -12.892 1243 1140 1572 1551
 105     5.426   -24.262     2.002 1121 1006 1470 1458
 106   -49.548    30.494    -4.996  272  230  430  354
 107    18.374   -31.134    12.901 1233 1088 1646 1635
 108    13.446   -10.298     9.911  916  837 1229 1227
 109    39.247    38.293     6.170  175  173  263  218
 110   -60.616    33.761    13.228  230  196  380  312
 111    40.624    11.335   -17.420  566  545  735  727
 112   -29.081   -11.878    12.105  925  849 1288 1259
 113    10.811    -3.520     6.773  797  737 1078 1060
 114    18.301   -32.288     2.826 1251 1142 1658 1638
 115   -36.623    22.891    11.306  372  355  590  513
 116    18.616   -26.253    -6.039 1172 1042 1479 1487
 117    -6.500     2.422    17.225  683  655  969  945
 118     3.465    42.814     6.806  117  116  185  140
 119   -10.526    10.390     6.492  565  538  812  758
 120   -30.489    28.569     7.161  305  278  481  393
 121    -7.345    27.126     7.178  327  308  498  420
 122     4.665   -16.427     7.461 1017  916 1353 1347
 123    36.497    34.893   -11.976  215  216  317  265
 124    -4.664   -16.656     8.860 1016  918 1364 1350
 125    40.565     1.247   -15.029  741  695  914  921
 126    13.816    41.748    12.230  131  130  210  168
 127    13.752    18.723     8.050  447  430  645  605
 128    20.594    -4.616     8.710  822  758 1100 1097
 129    12.959    12.619    11.868  532  510  766  729
 130   -60.557    30.201     5.216  279  237  450  366
 131   -49.841     7.836     9.579  593  562  878  812
 132    36.728    11.278     1.893  563  540  764  736
 133   -28.898   -17.426    10.573 1015  923 1395 1361
 134     8.925    -4.401    11.736  807  749 1107 1092
 135    11.311    20.417    10.163  424  405  620  576
 136   -38.164   -23.075    11.281 1089  986 1500 1443
 137     5.026    -0.964    11.763  753  708 1044 1018
 138    23.156     6.586     7.555  620  603  864  844
 139   -29.282   -14.441     5.809  975  886 1324 1295
 140    21.356   -12.766    10.221  958  865 1271 1282
 141    21.651    -9.665     7.040  907  830 1207 1210
 142     7.540    21.956     8.935  397  382  588  542
 143    10.680    -8.923     9.208  885  813 1202 1193
 144    47.383    39.560    13.279  162  163  238  198
 145    11.432   -28.755   -22.407 1220 1083 1506 1476
 146    -4.588    13.329     8.603  516  494  758  711
 147   -10.045   -26.319     6.799 1142 1019 1540 1507
 148   -20.562    -9.391    10.129  879  815 1234 1201
 149   -49.682   -20.899    10.242 1046  962 1457 1418
 150    22.269   -22.170     6.647 1099  983 1438 1433
 151    14.655   -30.711   -20.823 1248 1147 1548 1528
 152   -60.451     5.490     7.576  612  598  929  857
 153     8.040   -29.988    -9.698 1216 1106 1561 1537
 154   -30.835    -5.534    10.079  811  765 1164 1114
 155    10.213    -4.377     9.732  806  748 1105 1089
 156    25.229   -26.382     9.674 1160 1018 1515 1521
 157    25.996    21.088     7.139  413  401  596  556
 158    14.228    -8.967     9.064  891  814 1199 1198
 159    25.987   -12.860     8.813  963  869 1269 1281
 160     3.059    23.366    10.099  375  358  563  499
 161    26.277     1.234    18.501  716  682  980  980
 162    -6.706    -6.611    10.636  843  782 1173 1140
 163    39.141    -5.970     8.102  851  786 1117 1134
 164    -3.672    22.551    11.017  382  367  582  527
 165   -15.303    37.283    14.323  186  166  309  243
 166   -56.552    16.936     3.918  457  432  709  629
 167    -7.453   -15.239    10.446  987  903 1333 1329
 168   -20.476    31.432     0.838  273  234  394  332
 169   -29.178    33.540    -0.223  231  210  363  302
 170     1.930    32.601    -5.166  245  227  370  315
 171   -28.430    -8.685     3.663  872  800 1217 1165
 172     9.093    51.824    14.428   36   38   48   15
 173   -12.634    26.164    14.364  345  324  523  445
 174   -62.046    24.578     9.120  354  328  564  474
 175   -60.924    42.916    13.573  113   96  208  158
 176     3.106    42.225    15.010  126  122  207  165
 177    11.970     8.979     6.954  588  564  825  788
 178    -8.515    -8.424     8.471  865  802 1204 1179
 179     8.366    34.916     8.299  220  206  335  280
 180   -10.722    11.234    11.289  554  521  804  749
 181    10.740   -30.615   -14.872 1244 1128 1555 1536
 182   -30.398    28.812    13.363  304  275  480  391
 183   -15.726    21.201     8.329  403  387  615  559
 184    -3.192   -20.930     6.445 1072  966 1431 1411
 185     8.636   -11.826   -19.820  954  871 1205 1199
 186   -48.960     5.854     4.697  613  595  921  827
 187    18.901    30.983     7.139  282  262  399  346
 188   -17.244   -14.231    11.114  965  883 1325 1307
 189   -53.114   -11.409   -15.381  905  859 1251 1190
 190   -11.150   -28.036    25.134 1152 1031 1629 1572
 191    22.390    15.932    14.319  495  474  699  666
 192   -47.876     1.034    10.725  693  673 1029  957
 193    -7.646   -13.894     8.540  968  881 1301 1291
 194   -18.420    -5.259     9.345  814  762 1146 1109
 195   -15.414    16.963     8.311  465  452  689  642
 196    -8.695     2.609    12.095  681  653  960  932
 197   -21.576    42.917    13.308  118  110  196  150
 198    -5.715   -26.370     2.689 1153 1040 1520 1492
 199   -12.184     3.881     8.456  659  626  936  902
 200    -2.233   -10.980     8.590  921  843 1253 1241
 201   -61.964     3.205    10.477  655  622  975  912
 202   -41.204   -28.697     8.986 1165 1053 1613 1534
 203    14.612    40.579    20.422  154  150  229  188
 204     7.110   -22.803    10.099 1101  987 1462 1453
 205   -12.535   -16.533    -2.011 1024  920 1343 1322
 206    22.157     9.726    14.067  579  554  819  784
 207   -16.568    -9.321     2.382  878  826 1216 1183
 208    15.712     0.629     8.898  725  690  984  976
 209     0.760     0.601     7.063  722  688  989  969
 210    24.009    14.503     7.813  508  484  723  684
 211   -49.597   -11.876    -0.096  919  854 1274 1238
 212   -48.704     9.369    -2.151  569  548  832  761
 213   -19.995    39.684    -6.247  148  140  241  192
 214    26.164    18.477     8.739  450  443  646  610
 215     7.568   -28.780    -9.839 1199 1061 1535 1517
 216   -17.575    -3.019     7.937  779  721 1086 1044
 217    17.967    37.683   -12.033  171  171  273  214
 218     2.363    26.907     9.715  331  320  501  429
 219    -7.988    -9.848     5.986  896  829 1225 1205
 220     4.058    18.092     8.608  452  438  661  617
 221    33.491   -30.808     7.799 1241 1087 1589 1603
 222    -0.788     0.804    10.046  714  684  991  970
 223   -29.688   -22.148     6.317 1081  979 1465 1419
 224   -11.385    31.691     5.784  264  233  393  334
 225    36.153    28.335     9.937  318  307  459  397
 226   -18.196    -2.299     8.819  769  719 1076 1031
 227     9.195   -24.190     6.872 1123  999 1477 1467
 228    45.199    12.692     9.856  537  519  750  730
 229    22.689   -29.536    11.064 1195 1055 1602 1582
 230   -27.661    42.942    12.536  115  108  197  151
 231   -24.752     9.398    12.386  574  549  839  785
 232    -2.277   -26.481    -0.560 1155 1024 1516 1496
 233    14.659   -32.193    11.277 1249 1117 1679 1665
 234   -51.511    15.188   -19.801  489  462  701  645
 235   -30.331     0.883     2.815  708  680  994  949
 236   -47.709    -7.700   -19.814  856  804 1162 1083
 237     2.249    48.747    15.752   70   58  104   69
 238     5.087    -5.359    11.608  831  767 1137 1122
 239    10.760    -0.586     9.406  749  704 1018 1006
 240   -59.558   -12.389    11.457  927  848 1317 1260
 241    14.524    -3.133     3.885  792  732 1066 1045
 242    36.741    -8.068   -15.155  894  818 1108 1145
 243     0.950     3.737     8.940  664  634  933  908
 244    -7.004    35.121     5.327  214  198  333  273
 245     7.913    15.852     7.237  490  469  698  662
 246    23.964     5.818     9.645  635  609  880  866
 247    -7.439   -19.942     9.719 1053  955 1425 1397
 248    -4.603   -30.816   -11.805 1236 1126 1567 1545
 249    21.292    -6.094    11.208  844  779 1143 1138
 250   -51.978    30.847   -17.501  253  232  414  325
 251   -22.369    -3.895    11.807  787  731 1116 1075
 252     8.773    37.643    -6.493  172  165  276  228
 253    29.455    36.141    -9.245  195  195  297  245
 254   -33.195     4.478    10.772  641  613  942  893
 255    38.094     1.971     8.428  715  671  944  941
 256   -37.663   -12.188     3.753  929  852 1291 1253
 257   -61.667   -15.636    14.657  964  895 1396 1332
 258   -20.543     4.785    12.204  638  612  932  888
 259   -24.799    24.156   -18.434  362  341  518  460
 260    36.878    26.012     5.368  346  344  499  442
 261   -32.982     1.149    11.277  699  672 1006  958
 262   -14.763    -3.845     4.538  795  738 1096 1054
 263    39.423    17.651    11.686  471  453  651  638
 264     8.717    20.620    14.140  420  404  619  579
 265     4.443   -30.309   -21.132 1238 1113 1536 1527
 266   -20.503    40.651    12.807  142  134  237  189
 267    38.626     7.131    14.900  624  600  837  848
 268    18.914    -6.087     6.622  845  784 1131 1129
 269    23.982    19.323     7.142  440  425  636  590
 270   -51.320    13.208   -10.064  506  482  749  700
 271    -2.074    19.860     7.650  429  410  637  584
 272    -2.764    -1.020    -9.440  759  716  996  977
 273    10.069    22.433    10.264  391  375  578  526
 274   -58.947    24.107     7.848  355  337  571  482
 275   -55.493    17.252   -14.507  443  428  685  602
 276    19.672    -0.669    11.347  756  707 1022 1012
 277   -56.324    -0.224   -10.562  713  691 1030  948
 278    -5.491    18.536     9.822  444  426  659  612
 279   -16.860   -17.384    11.360 1023  924 1391 1366
 280    23.253   -31.628     1.834 1250 1122 1617 1615
 281   -34.314   -28.741    12.392 1171 1050 1631 1550
 282    42.315    12.550    -0.707  540  520  732  718
 283   -36.186   -27.037     6.970 1147 1027 1571 1508
 284    21.106    17.779    12.388  460  447  666  636
 285   -12.980    -9.096    -1.054  881  825 1196 1170
 286    26.023    -3.116     7.636  796  734 1062 1057
 287     9.448    47.292     2.668   81   71  115   85
 288    11.778    50.222     4.647   49   43   74   41
 289     4.550    17.610     9.226  462  446  668  632
 290   -56.218    36.724   -12.204  170  159  314  250
 291   -49.655    33.427     9.834  236  204  383  310
 292   -30.273    18.042   -17.015  442  423  647  596
 293     3.372    34.008    11.734  229  215  357  307
 294   -50.918   -29.051   -12.114 1179 1064 1587 1503
 295    14.215   -29.429   -11.466 1227 1090 1544 1519
 296     6.335    -5.412    11.080  829  770 1135 1121
 297   -23.412   -10.970     7.521  912  841 1264 1222
 298    13.877     2.916     6.882  685  658  940  920
 299   -49.751     1.562     9.218  686  657 1013  947
 300    28.327   -15.845    -3.413 1027  932 1293 1311
 301   -53.524   -22.763   -21.380 1095 1001 1449 1380
 302    49.763    36.217     1.195  199  208  298  247
 303    27.357   -19.845   -19.776 1086  977 1346 1354
 304     3.589   -31.189   -16.680 1253 1121 1573 1533
 305    31.892    33.415     9.688  250  226  350  304
 306   -26.636    30.504    11.033  281  252  434  361
 307   -29.811    50.160    -4.406   44   37   85   46
 308   -53.497     7.973    13.554  582  563  882  813
 309   -49.754   -22.529     9.651 1077  975 1499 1430
 310   -16.832   -26.232     3.355 1150 1021 1525 1488
 311    27.833   -32.368     6.549 1254 1134 1655 1658
 312   -52.168   -28.324   -16.061 1176 1058 1554 1473
 313   -45.750    27.549    15.174  315  281  517  427
 314   -49.635     3.761    -2.789  656  629  938  873
 315   -49.546    -0.229     3.995  724  686 1032  987
 316    38.023    28.077     7.466  321  312  462  409
 317    16.360     0.149     8.234  732  700  997  990
 318    38.724    22.590     3.458  386  380  566  519
 319   -24.615   -16.540   -10.925 1012  927 1329 1302
 320    17.731   -30.856    15.138 1225 1067 1664 1648
 321    39.394    -4.165    11.677  812  766 1082 1094
 322    27.621    -9.306    10.380  903  827 1195 1212
 323   -24.140     4.874    11.252  645  605  923  896
 324    11.977    -4.629     8.231  817  756 1101 1096
 325    19.704    40.699    12.963  145  142  224  183
 326    36.262   -26.066    -1.641 1178 1022 1473 1500
 327   -20.230   -27.575    12.336 1157 1034 1593 1531
 328   -54.778    49.075   -17.921   50   35  100   62
 329     6.267    35.954    12.756  198  189  325  277
 330    -9.918    27.360     9.179  324  305  496  418
 331    17.916    51.377    15.401   43   44   46   25
 332   -11.376     8.785     9.154  583  561  842  795
 333   -30.441   -15.252     8.604  984  894 1358 1320
 334   -22.692    -2.284   -22.449  781  728 1007  973
 335    26.429    -4.025   -18.305  827  773 1031 1028
 336    30.353   -30.075     7.138 1212 1084 1585 1583
 337    38.740    32.793     7.424  247  243  359  317
 338   -28.248    -4.325    16.432  798  730 1142 1093
 339     0.670   -23.786    10.002 1113  996 1486 1457
 340    19.208   -29.806    16.112 1191 1057 1608 1618
 341   -23.432    11.663    17.368  543  507  810  745
 342   -17.681    23.735    -4.574  363  351  545  477
 343   -39.119   -16.855    -0.277 1019  921 1371 1318
 344    30.229   -33.055    -0.170 1257 1160 1637 1656
 345   -29.758   -13.082    -1.764  946  867 1289 1256
 346    49.400    23.149    -3.259  378  391  539  488
 347   -14.842     5.825    10.817  623  604  908  858
 348    -2.737    24.755    18.070  360  346  551  476
 349   -31.266   -20.280    14.552 1037  950 1458 1415
 350     1.570    -7.125     5.052  859  794 1155 1137
 351   -11.555   -27.062    10.244 1148 1037 1566 1524
 352   -16.565   -24.029   -10.952 1110 1009 1464 1432
 353    -8.631    22.746     1.376  376  365  570  502
 354    40.351   -16.609   -17.055 1038  935 1296 1299
 355   -15.508    13.559   -20.339  511  489  721  670
 356   -53.192    14.949   -19.010  488  464  718  646
 357     9.126     3.031     5.908  680  652  943  919
 358    20.999   -11.960     2.667  939  876 1242 1251
 359   -21.181    30.645    -6.233  270  256  416  340
 360    16.439    -7.877    11.529  864  799 1182 1180
 361   -61.031     2.775   -14.064  661  649  951  884
 362   -45.175     3.593     4.279  650  630  947  911
 363     8.062    39.503    10.803  160  160  251  201
 364   -33.468    49.645   -12.212   45   36   87   52
 365    16.403    28.626    18.674  316  297  471  405
 366   -16.301     3.420     0.912  667  644  941  881
 367    -4.026    11.967   -20.678  535  537  751  678
 368   -39.439   -25.544    12.628 1117 1010 1556 1494
 369     3.166   -17.594    11.093 1029  931 1383 1375
 370   -13.027   -16.203     9.153 1003  909 1365 1344
 371   -57.676    -7.974    -5.973  853  801 1200 1131
 372    10.859    28.498    -2.323  312  295  461  373
 373   -49.621    -6.911     2.388  839  785 1189 1123
 374   -48.947    43.548    10.679  101   90  205  145
 375   -49.483     0.337    21.138  704  677 1071 1000
 376     0.272    -4.857    10.221  815  757 1120 1102
 377     6.353    11.651   -11.217  550  529  763  709
 378    33.929   -33.195    -0.648 1258 1162 1641 1662
 379     1.531    -5.082     7.079  816  771 1119 1104
 380    13.468     1.301    11.306  717  670  977  965
 381     7.517   -26.819     4.001 1164 1039 1531 1506
 382    -1.720    -4.696    15.497  809  746 1138 1112
 383    -6.996   -31.619    13.203 1230 1102 1680 1624
 384    39.152    34.988     1.309  221  202  329  271
 385   -56.389   -14.228   -17.650  959  907 1292 1230
 386    51.741     5.090     7.339  660  623  877  883
 387    -4.149   -14.070    11.277  966  878 1316 1308
 388    50.644    30.753    -3.145  288  277  386  339
 389   -60.426   -13.246     9.722  940  856 1321 1283
 390    22.962   -14.740    16.427  993  888 1308 1345
 391   -43.452   -30.433   -10.191 1213 1091 1603 1535
 392    -4.994    37.533    -2.442  179  164  286  227
 393    10.918   -29.397     6.256 1186 1063 1582 1556
 394    15.507    34.956    22.725  217  205  345  305
 395   -16.440    -0.912     1.672  751  710 1025  992
 396   -55.799   -28.922     1.702 1163 1056 1618 1540
 397    20.816    33.526     0.911  240  225  346  297
 398    17.818    30.852    11.798  283  263  419  349
 399    38.990    -0.422     8.123  765  699  995 1001
 400     8.974    41.240   -18.247  127  132  202  152
 401   -24.949    46.393    23.739   89   74  148  102
 402   -49.736    30.438    -7.183  267  245  423  350
 403   -22.159    -0.531   -19.376  745  709  963  956
 404   -12.624    25.946     5.583  342  327  520  449
 405   -39.031    34.583    13.106  218  197  355  293
 406   -58.714    35.393    18.229  206  179  353  283
 407    15.209   -14.391    13.932  985  891 1302 1328
 408   -57.144    18.311     5.119  438  402  690  609
 409    30.248    29.663    -4.670  302  287  409  353
 410    38.303    19.869     4.290  433  419  605  589
 411   -28.909     7.038   -14.903  604  589  848  797
 412   -53.201     1.351    10.513  684  662 1015  955
 413    25.083   -30.333     7.674 1209 1092 1609 1585
 414     3.694    16.823   -14.357  473  455  649  630
 415   -60.703    30.275    15.583  276  239  477  365
 416   -19.851    44.999    24.475  105  101  161  121
 417    -3.380    22.135   -13.391  383  392  559  485
 418   -57.277     3.720    -5.946  652  624  928  892
 419   -18.028    29.892    10.343  290  269  456  368
 420   -53.291    50.825   -19.151   30   20   70   34
 421    46.092    29.685   -19.157  294  293  382  355
 422   -23.795   -26.386    -2.923 1144 1025 1517 1485
 423   -50.485   -21.915    21.955 1054  960 1523 1445
 424     5.043    33.715    10.397  233  218  364  311
 425   -31.016   -16.513   -11.459 1006  939 1328 1297
 426   -13.989   -31.061     5.920 1223 1076 1657 1597
 427   -61.609    39.402    11.225  156  131  280  210
 428   -23.329    31.538    13.159  265  235  424  336
 429   -29.420     1.437    -6.323  688  675  970  926
 430   -16.200    -9.221     8.674  873  817 1227 1188
 431    17.002    25.740    11.290  349  340  522  456
 432   -23.176    16.975     3.511  463  442  692  643
 433    12.605    11.604   -11.050  559  531  747  717
 434   -56.430   -23.762     2.967 1100  993 1511 1427
 435   -17.782   -15.491   -14.070  999  925 1295 1276
 436    -4.730     1.100     7.343  710  679  968  962
 437   -55.841    16.766     4.277  459  436  697  653
 438   -58.711    34.815   -11.230  213  178  342  266
 439   -59.065    12.964   -13.106  513  492  745  686
 440     4.149     7.502     1.513  601  592  846  816
 441     8.128   -29.622    -5.433 1207 1082 1549 1548
 442   -21.292     0.436    20.898  711  681 1061  986
 443    37.600    18.150     9.014  468  444  642  614
 444   -16.084    44.052   -15.798   96  103  156  116
 445    -6.480    -4.432    13.626  799  743 1128 1106
 446   -28.285    -3.539     7.549  786  725 1110 1055
 447     7.980    26.329     2.075  338  330  508  433
 448    27.255    -8.786    -8.983  890  842 1161 1160
 449   -48.611    -6.014    -0.069  820  777 1167 1088
 450    27.521    46.048   -10.172   88   91  129   83
 451   -48.603    -3.169     1.501  774  726 1099 1029
 452    15.024     5.359    -6.650  643  617  868  847
 453   -16.653    13.599    19.585  514  476  784  728
 454   -22.493    10.298     6.588  562  534  820  760
 455    -9.971    15.819     6.611  481  473  702  658
 456   -27.618   -21.693     9.019 1067  972 1466 1423
 457    38.900     3.165    10.937  689  646  922  931
 458    42.163    47.921     6.174   78   77  110   68
 459    29.642    20.270    -4.274  416  427  593  566
 460   -26.200     4.956    -1.637  630  614  901  870
 461    50.282    13.336    -0.171  524  524  720  697
 462    47.235    31.602    -3.054  263  280  373  322
 463     2.754    34.405    -3.395  225  209  332  278
 464   -42.406   -25.352   -12.831 1115 1028 1504 1431
 465   -45.807   -21.962     8.602 1075  973 1469 1414
 466    36.869    36.606    20.918  210  191  319  259
 467   -32.150    -3.077    -2.738  780  720 1083 1027
 468    22.874    -8.635   -15.032  913  816 1121 1155
 469   -14.543    14.109    22.585  505  478  771  713
 470   -32.478   -22.261    20.457 1080  967 1496 1448
 471    22.722    -2.787     2.461  791  733 1054 1035
 472    21.503   -29.280    20.979 1188 1051 1640 1589
 473    19.385   -28.342   -19.918 1193 1081 1505 1480
 474   -42.725   -19.269   -20.566 1052  964 1376 1331
 475    21.388    28.539     3.507  307  298  468  389
 476    22.130    -1.319    12.541  763  715 1053 1021
 477    -7.831   -24.998    15.224 1120 1004 1538 1497
 478    13.630   -26.403    -6.706 1169 1032 1493 1490
 479   -15.134    26.023     6.947  328  331  530  443
 480    22.721   -17.259     8.875 1035  937 1349 1357
 481    51.680   -23.619     9.360 1124  994 1452 1477
 482    50.371     4.608     4.171  674  640  873  875
 483    24.659   -10.737   -19.228  934  872 1190 1162
 484   -26.280   -12.883     2.833  931  864 1297 1261
 485     2.524    31.846     6.541  260  238  388  329
 486    -1.565     9.158   -16.263  580  577  795  755
 487    -1.581    30.731    15.348  280  255  426  363
 488   -31.977    -6.330    21.253  821  776 1208 1152
 489    20.920    14.783     7.425  503  483  711  685
 490    18.243   -21.351    -8.561 1102  976 1388 1402
 491     2.308    -8.786    12.722  867  805 1220 1208
 492    25.574     8.869    16.586  598  575  829  807
 493   -23.806    23.477     9.540  373  339  576  505
 494   -15.886   -18.184   -14.458 1045  954 1341 1321
 495   -11.238    -5.947   -15.258  842  790 1097 1074
 496   -45.373     0.989    20.335  690  666 1046  991
 497     8.821    16.268     4.368  480  460  693  652
 498   -57.767    29.274    12.568  289  258  483  392
 499   -43.237   -33.288    -3.877 1246 1158 1699 1586
 500   -60.070    37.110     7.410  173  156  323  253
 501   -13.320     9.343   -18.077  584  559  803  735
 502    13.905    -7.224   -19.500  880  808 1094 1100
 503    12.718     0.194    21.810  730  683 1043 1022
 504    -9.346    13.531   -15.236  510  496  725  673
 505   -48.918    -1.306    13.277  733  698 1081 1024
 506   -62.931   -10.721    19.286  875  824 1318 1234
 507   -33.629    46.722   -18.721   77   62  127   78
 508   -12.614    -4.873    12.930  802  750 1149 1110
 509    -2.897    -3.988    18.840  803  729 1113 1103
 510    27.711   -11.950    15.889  948  857 1258 1280
 511   -15.877    17.272   -10.778  464  451  654  608
 512    -9.784    -0.838    10.258  738  713 1042 1003
 513   -33.598    36.148   -22.030  178  174  320  233
 514     2.639   -20.636     1.004 1071  965 1414 1403
 515   -42.841   -28.926     8.397 1166 1052 1663 1547
 516    13.743   -20.683   -13.343 1093  984 1377 1381
 517   -51.214   -25.721    -7.824 1127 1012 1518 1456
 518   -20.454    13.314    10.693  521  488  776  701
 519     7.761    44.209    -3.395  102   99  162  119
 520    -4.046    31.791    -0.931  248  248  403  321
 521    11.863   -22.160   -15.598 1118  997 1403 1383
 522    15.485   -24.108    17.995 1116  991 1481 1504
 523     4.349    37.825    -5.127  185  162  275  221
 524   -60.229    46.970    -6.068   73   48  142   86
 525    10.864     0.943    -0.614  734  692  959  937
 526    49.721    20.136    -0.370  428  433  599  572
 527    16.272    34.825     2.124  216  203  334  269
 528   -50.161   -30.182   -16.722 1201 1079 1604 1514
 529    23.947    11.330    -9.989  549  553  770  720
 530    16.011    -8.724   -11.456  882  833 1157 1153
 531     6.450    -2.875    -9.160  794  745 1035 1009
 532   -58.312     1.907    -2.761  672  661  987  917
 533   -25.883     6.423   -19.547  606  608  863  787
 534    12.713   -12.608    12.851  960  866 1263 1287
 535    48.757   -14.125     8.827  992  904 1286 1310
 536    10.774    31.325    -4.777  269  264  384  324
 537   -37.338     2.906    10.894  658  635  992  913
 538   -48.081    36.923    10.141  194  161  326  242
 539   -61.910   -13.977     9.919  951  874 1335 1293
 540   -34.612    15.700     5.514  491  459  714  657
 541   -59.037   -26.834    -7.956 1136 1044 1547 1482
 542   -15.741     8.242   -10.416  599  566  822  782
 543     0.854    19.936   -14.476  432  422  608  534
 544    29.692    -8.657    -0.138  897  821 1158 1187
 545   -29.411    -5.737    10.809  808  761 1165 1136
 546   -21.781   -12.119    -7.872  943  873 1259 1200
 547   -36.387   -12.617     7.583  926  862 1294 1277
 548   -32.530     2.046    17.466  678  650 1021  942
 549    19.457   -28.887   -10.939 1194 1075 1524 1523
 550    15.737    10.310    18.247  570  551  817  776
 551    -4.268   -18.809    20.665 1040  938 1427 1396
 552     6.622   -30.083   -12.913 1237 1104 1550 1530
 553    19.289    30.277   -20.588  271  267  398  347
 554   -27.551    -9.325   -14.893  902  831 1181 1133
 555    11.979     7.683     8.104  605  588  835  820
 556     2.707   -17.523    17.318 1013  933 1397 1384
 557   -31.846   -13.216    18.329  932  851 1348 1305
 558     5.089     3.551   -21.567  662  669  900  843
 559     7.055    24.728    -6.128  358  338  512  466
 560   -22.540    -4.709    -7.296  830  753 1091 1056
 561   -18.974    21.724   -12.743  377  381  589  515
 562    48.428     5.686   -16.448  651  641  827  832
 563   -17.705    42.355    13.224  119  111  213  171
 564   -11.497    -9.398     4.559  887  835 1197 1196
 565     0.890   -12.523   -18.764  953  885 1223 1223
 566    24.452    14.614    16.347  502  491  728  694
 567   -12.341    13.529     6.286  517  480  753  707
 568     6.903    10.067    -7.909  567  557  791  752
 569   -13.505   -28.468    15.338 1175 1030 1644 1553
 570   -44.582    47.774     0.732   76   51  126   79
 571    19.887   -29.953     6.375 1190 1068 1606 1563
 572    -4.509   -25.345   -21.339 1154 1036 1463 1421
 573   -42.731    51.594   -17.912   28   21   59    9
 574     1.639    41.239    -9.923  129  138  203  160
 575     9.536     5.353     4.588  646  616  890  860
 576   -28.436    42.838   -24.029   99   97  171  143
 577    -7.534     3.684    -9.908  654  648  920  871
 578    50.249   -18.950     4.650 1066  943 1381 1382
 579   -11.005     3.222   -17.555  670  674  902  868
 580   -55.492    33.643   -21.952  207  201  347  284
 581   -57.766   -27.986     4.274 1143 1045 1610 1516
 582   -31.832   -24.477     4.948 1104 1008 1509 1454
 583   -59.116   -17.829   -16.182 1032  942 1363 1325
 584   -19.777     4.036   -12.467  649  637  912  856
 585   -55.163   -26.346    -1.469 1125 1015 1560 1484
 586    -1.776    44.793     6.333   93  105  160  110
 587    -6.647   -13.046   -18.607  983  879 1240 1228
 588   -59.834    37.111    -4.637  189  153  303  232
 589   -23.395     2.876   -12.958  682  654  939  869
 590   -24.324    12.022    -6.736  534  516  782  690
 591   -44.168   -29.560   -16.775 1205 1062 1579 1491
 592   -14.036    23.092    -9.854  380  352  562  468
 593   -24.944    21.516    -6.001  389  394  581  520
 594    23.070   -17.285    15.710 1026  941 1375 1376
 595   -29.262    -4.841    -9.710  793  772 1118 1043
 596    21.430    46.097     3.110   85  100  122   96
 597    23.275   -14.526   -11.171  989  919 1273 1264
 598   -34.089   -12.732    20.566  938  847 1347 1278
 599   -38.939    12.809     9.704  518   -1  789  724
 600    -9.763   -29.799    11.157 1187   -1 1636 1565
 601   -49.526    17.865    11.477   -1  417  694  624
 602   -45.153    54.346     3.874    8   10   22   -1
 603    56.828    38.888     9.468   -1  177  246  204
 604   -22.358    35.717    16.995  208   -1  338  272
 605   -51.858    19.256   -15.469  426  396   -1  573
 606    39.113    -7.033     8.730  861   -1 1150 1158
 607   -49.421    21.984     1.400   -1  361  614  524
 608     8.513   -15.876    24.669  998   -1 1378 1373
 609    40.021    53.878   -12.751    7   27   12   -1
 610   -20.089    -6.737    11.819  841   -1 1184 1148
 611   -63.763    32.957    10.967  237  200   -1  318
 612   -49.276    25.627     3.904   -1  313  537  450
 613    21.338    53.246     9.063   24   33   24   -1
 614    28.764    47.813    -7.459   72   72   99   -1
 615    50.753    44.842     2.544  100   -1  144  101
 616   -12.691    48.960    10.176   67   -1  101   67
 617   -42.572    49.168   -15.314   51   -1   92   58
 618   -35.042    41.108     6.899  133   -1  228  179
 619    40.950     8.042   -18.632  608   -1  797  770
 620   -52.017    20.507   -22.267  402  383   -1  536
 621   -48.981    26.473    -4.662   -1  303  513  423
 622   -35.930    40.882   -11.203  128   -1  219  174
 623    34.723   -12.391    19.483  952  860 1277   -1
 624     2.036   -23.645    14.766 1105   -1 1490 1470
 625    51.053    41.649   -12.557  125   -1  183  148
 626   -17.223    27.629     8.487  319   -1  494  415
 627   -49.068    20.996     2.750   -1  374  627  555
 628   -49.476    28.121     9.982   -1  274  502  411
 629    43.552    27.576    -1.630  325   -1  465  404
 630    35.023     1.880     9.048  712  678  950   -1
 631   -48.070    24.548     6.628  352  332   -1  465
 632    33.972    -4.885    15.613  824  764 1140   -1
 633   -53.096   -21.886   -20.052 1087  989   -1 1377
 634     6.123    11.269    18.159  556   -1  806  759
 635    48.748    43.067     6.803  120   -1  169  133
 636   -32.169    48.233    11.350   -1   52  117   80
 637   -35.441    22.697    14.711  379   -1  604  523
 638    22.720   -32.074     3.575   -1 1125 1633 1641
 639   -22.157    46.767    14.944   86   -1  137   95
 640    20.879   -31.787     7.039   -1 1109 1662 1627
 641    14.043   -28.923   -21.964 1219 1085   -1 1502
 642    16.681   -32.096    12.611   -1 1107 1676 1672
 643    33.903    53.062    -7.557   18   34   20   -1
 644    29.450     5.705     4.097   -1  615  870  859
 645    36.927   -21.398    -2.297   -1  980 1405 1410
 646   -59.103    -5.547     9.334   -1  754 1180 1108
 647   -34.780    30.214     2.466  284   -1  436  357
 648   -50.069    22.639     2.883   -1  350  597  510
 649    36.802   -34.644    20.475   -1 1157 1698 1689
 650   -29.630    -9.383    23.787  869   -1 1267 1231
 651   -62.562     7.355     3.888  594  572   -1  806
 652    54.049    49.628    16.059   -1   67   81   43
 653   -48.795    17.755     4.706   -1  416  688  622
 654   -59.943    -5.465    11.100   -1  752 1183 1107
 655   -14.043     3.179     2.022  673  642   -1  906
 656    24.390   -32.323     1.651   -1 1144 1628 1639
 657   -63.584    34.631     3.826  212  184   -1  289
 658    23.812   -10.346    11.352  922  839   -1 1240
 659   -41.045    11.036    17.998  544   -1  831  756
 660    38.499    36.859    -0.087  193  188  285   -1
 661    22.874   -34.125    -6.713   -1 1169 1669 1655
 662    53.688    38.321     9.337   -1  185  264  213
 663   -12.183    49.891     7.094   59   -1   84   53
 664    37.453    38.479     2.045  167   -1  259  207
 665   -62.730    19.017    10.732  430  399   -1  598
 666    29.781    23.487     0.351   -1  372  543  480
 667   -34.691    -2.218    12.355  761   -1 1088 1033
 668   -51.730    27.214   -12.478   -1  291  497  400
 669   -36.265    38.511     3.681  161   -1  281  226
 670     5.847   -15.258    12.435  994  902 1331   -1
 671   -48.337    44.599     2.052   -1   78  163  126
 672    53.426    18.917     1.042   -1  449  623  591
 673   -40.994    44.307    11.152  103   84   -1  129
 674   -53.004    26.287   -21.086  323  304   -1  413
 675   -43.297    20.531    -7.622   -1  385  624  549
 676    29.321    12.364   -23.957  542  532  710   -1
 677    46.399    48.956   -10.475   -1   68   73   51
 678    56.994    11.537    13.099   -1  547  773  748
 679    32.856    -8.820    18.292  889  812 1210   -1
 680   -30.965    42.492    13.698  122   -1  209  164
 681    19.525   -31.871    14.644   -1 1118 1672 1671
 682    25.710   -32.707     7.120   -1 1123 1670 1674
 683    -5.595    -4.761   -17.107  823  775   -1 1037
 684    22.491     4.151   -16.978  666   -1  872  854
 685   -40.656    -1.242    14.211  744   -1 1079 1019
 686   -28.390    38.893    28.532  166   -1  295  230
 687   -49.552   -14.756     3.546   -1  890 1354 1286
 688    37.937   -20.934     7.022   -1  971 1408 1420
 689    29.778   -14.005   -13.559  996  900 1257   -1
 690    47.243    27.225     6.365  334   -1  474  417
 691    39.476    51.284    -9.793   33   -1   42    8
 692    31.349    38.507    -3.367  165  167  255   -1
 693   -49.176     5.357    -6.065  618  606  904   -1
 694    -6.472    17.773     8.146   -1  441  669  625
 695    13.444    51.452    11.656   39   41   50   -1
 696    19.553    23.670    12.885   -1  362  555  495
 697    36.288    -4.006    12.527  813  747 1095   -1
 698    26.986     6.435   -15.161   -1  620  833  803
 699    19.830   -31.281     5.485   -1 1093 1615 1614
 700   -28.505    12.991     9.235   -1  490  778  716
 701   -37.453    -5.724    11.102  818   -1 1174 1120
 702    35.441    17.074     9.138  483  458  663   -1
 703   -48.572    17.304    13.913   -1  429  705  644
 704   -43.155    17.723   -23.700   -1  440  648  582
 705    30.571   -27.901    -9.243 1196   -1 1492 1515
 706    15.656   -31.697     2.115   -1 1127 1620 1604
 707    20.317   -32.262     4.046   -1 1137 1649 1646
 708    38.665    54.541    13.632   16   31   10   -1
 709    38.031    -8.593     8.633  909  810 1147   -1
 710    -5.736    23.448     4.952  367   -1  560  493
 711   -40.202    41.294    24.996  137   -1  249  186
 712    37.251     5.062     8.332   -1  621  885  879
 713    20.948   -19.616     9.850 1060  952   -1 1401
 714    40.549   -10.887   -22.103  942   -1 1166 1182
 715    24.765   -31.146    -0.769   -1 1108 1600 1577
 716   -50.117    40.452     0.152   -1  120  242  190
 717    38.258    38.110     0.011  174  172  262   -1
 718   -19.789    30.463    10.256  285   -1  432  362
 719    55.888    50.903    14.262   -1   56   56   19
 720    23.956    -6.294    12.653  850  781 1148   -1
 721    55.178    -5.491     6.367   -1  780 1089 1126
 722    11.796    46.173    26.444   95   88  140   -1
 723    -1.793   -19.989    10.190 1058   -1 1424 1404
 724   -33.656     8.382     7.493  586   -1  858  799
 725    28.076    21.576    13.129  408   -1  594  548
 726    35.786   -33.831   -18.147   -1 1170 1598 1617
 727   -49.144     9.858     9.645   -1  526  841  772
 728    -9.350    48.050     7.560   74   -1  109   81
 729    42.943   -31.878    -0.100 1252 1151 1611   -1
 730   -48.077    -8.295    -6.903  860   -1 1198 1132
 731   -52.897    20.894   -24.762  400  377   -1  508
 732    -3.011    15.640     5.593  493  467  706   -1
 733    49.361     7.109     4.561  617   -1  838  829
 734   -49.670   -16.375    -0.052   -1  913 1372 1314
 735   -18.419    -8.800   -24.703  888   -1 1154 1118
 736   -48.394     7.725     9.902  591  567  886   -1
 737    41.038     2.011   -24.389  720   -1  894  897
 738     1.324    -4.587   -14.182  826  768 1070   -1
 739   -46.229    19.155    15.752   -1  398  681  597
 740   -61.453    25.766     5.747  339   -1  542  454
 741    23.969    29.936   -15.094   -1  285  397  345
 742   -50.193    39.005    -1.095   -1  135  278  209
 743    17.930    -2.098    11.974  773   -1 1060 1040
 744    46.955    42.055    -7.424  121   -1  182  139
 745    -8.184    37.271     9.353  187  170   -1  237
 746   -37.043    36.605   -16.560  182   -1  300  239
 747    34.128    -1.299    -0.293  775  718  986   -1
 748    44.735    -8.419    -6.346  901   -1 1139 1161
 749    11.441    29.739    -6.393  298  271  411   -1
 750   -56.435     9.174    20.048   -1  530  871  804
 751   -24.524     4.725   -22.411  647   -1  875  824
 752    51.121     2.618    12.752  701   -1  935  944
 753   -34.462    25.560   -11.025   -1  323  519  436
 754    36.480    11.006     9.033   -1  541  772  767
 755    21.361    22.063     9.373   -1  390  577  540
 756   -50.135    28.570     0.636   -1  265  485  386
 757    -8.888   -31.497    -2.607 1240   -1 1624 1566
 758     9.385   -29.880   -24.780 1245 1116 1514   -1
 759    55.538    14.061     9.345   -1  506  712  695
 760   -17.037   -14.599    15.398   -1  880 1356 1316
 761   -38.606     4.822    -0.897  642  610   -1  853
 762   -49.458    23.355    20.715   -1  347  602  517
 763   -52.253   -34.394   -16.026   -1 1166 1690 1593
 764    18.643    31.979    -7.714  256  241  365   -1
 765    25.886    23.805    10.190   -1  364  548  483
 766    27.896    19.369    10.431  439   -1  638  592
 767   -52.851    24.653   -17.815  348  329   -1  453
 768    12.296   -27.608    14.851 1170 1043 1564   -1
 769   -57.196   -20.708   -25.671 1065  981 1401   -1
 770   -60.115    -7.778   -13.045  854   -1 1179 1116
 771    42.543    29.618     4.935  301  288  412   -1
 772   -19.788    24.288   -18.924  356   -1  526  455
 773   -48.830    10.492    -3.964   -1  523  813  741
 774     7.865    52.619    -7.245   25   30   27   -1
 775     1.164    29.086     2.277  306   -1  440  379
 776   -21.610   -14.913     1.982  990   -1 1320 1294
 777   -61.669    51.157    12.606   38   25   -1   36
 778   -62.119     5.189    15.697  622   -1  954  878
 779   -48.385    11.814   -10.926   -1  509  783  714
 780   -49.814   -24.688    18.921   -1  992 1551 1505
 781    18.639   -32.524    12.556   -1 1114 1686 1675
 782   -37.196   -21.350    -5.593 1076   -1 1433 1391
 783    55.842    20.972    14.317   -1  413  595  569
 784   -54.118    43.010     1.432   -1   93  198  141
 785   -61.899   -23.104     5.092 1088   -1 1502 1426
 786   -28.096    15.287    11.083  486   -1  734  676
 787   -45.867    27.823     4.917   -1  283  495  412
 788   -33.499    -8.261   -26.806  876   -1 1145 1087
 789     4.495    26.945    18.012  337   -1  509  435
 790    38.866    26.214    18.492   -1  334  507  458
 791    -1.782     5.873     9.213  626   -1  897  861
 792   -19.980    -9.878    -3.022  899   -1 1215 1184
 793    -5.818    36.455    13.762  200  180   -1  262
 794   -60.209    -0.225   -19.281  726   -1 1001  930
 795     8.862   -23.838    -6.769 1122 1007   -1 1437
 796     2.919     8.618   -13.162  595  576   -1  765
 797   -14.863     7.904    12.110  600   -1  867  811
 798   -48.576    15.230    15.529   -1  456  754  682
 799    23.378    27.629     7.811  332   -1  473  408
 800   -36.088    21.721    21.009  394   -1  633  563
 801   -40.928   -20.114    16.729 1041   -1 1459 1405
 802    38.298    50.376    -0.066   -1   57   58   20
 803   -47.744   -17.094    -0.790   -1  915 1386 1336
 804    18.717   -19.955    24.270 1057   -1 1429 1438
 805   -51.713    18.973   -20.350  431  411   -1  550
 806    39.001   -16.630    20.042 1031  912   -1 1379
 807    -0.669    17.042     9.299  470  454   -1  639
 808   -23.645    41.058     5.915  134   -1  226  178
 809    28.559    11.592     8.916  558   -1  779  740
 810     1.755    -2.775    -8.537  785  736   -1 1011
 811    22.332   -32.155     5.451   -1 1143 1667 1620
 812   -49.396    25.875     2.730   -1  310  534  440
 813   -49.840   -15.018    -2.134   -1  901 1357 1272
 814    16.228     2.002     4.679  706   -1  953  936
 815     0.445   -13.281     0.284   -1  877 1278 1269
 816    24.514    -0.192   -19.350  750   -1  956  943
 817   -59.720     7.241   -20.764  596  580  856   -1
 818     0.438    27.205     2.123  329   -1  484  414
 819   -19.986    36.889   -15.752  177   -1  294  229
 820   -14.180   -13.417     9.497  955   -1 1300 1284
 821   -52.643    -6.687   -13.134   -1  783 1160 1082
 822   -49.332   -10.589    17.844   -1  820 1284 1252
 823   -49.876   -32.526    11.930 1222   -1 1701 1647
 824    -3.598    -9.643   -22.431  904   -1 1170 1144
 825   -52.773    52.948    -2.132   21   -1   37    6
 826    21.377    42.092    22.016   -1  136  201  166
 827   -12.862    36.794   -40.914   -1  175  283  205
 828    21.435    -0.250   -21.413  755   -1  955  938
 829    40.257    15.635    -7.206  498   -1  672  648
 830    -4.803   -21.078    -9.299 1079   -1 1409 1390
 831   -22.350    25.284     9.446  350   -1  538  461
 832    27.298    42.298   -24.398   -1  124  172  130
 833    13.319    25.417   -25.244  344  343   -1  430
 834   -14.931   -24.879     2.577 1126   -1 1495 1465
 835   -23.217   -15.496     0.972  997   -1 1330 1303
 836   -52.639   -18.302   -21.595 1030  953   -1 1317
 837    34.275    54.334     6.759   12   26   13   -1
 838    37.596    30.035   -15.726   -1  284  391  348
 839   -30.155   -14.287    -3.488  971  896   -1 1266
 840   -49.574    17.680    -0.533   -1  418  683  615
 841   -58.773    -6.011    -2.256   -1  763 1178 1086
 842     5.694    12.883    11.528  527   -1  774  725
 843    -5.268   -11.775     3.236  930   -1 1260 1247
 844   -33.652    -3.142    17.496  767   -1 1127 1069
 845    40.694    -2.509   -18.302  801   -1  976 1002
 846   -34.555   -29.002   -20.802 1182   -1 1553 1479
 847    35.252   -24.210     6.259 1140 1003 1447   -1
 848   -53.596    47.033    -9.108   71   -1  131   93
 849    -8.692    27.681     1.673  311  309   -1  402
 850    35.425    -5.496    16.870  833  788 1125   -1
 851    38.638    42.604     3.054   -1  118  190  142
 852   -42.348    -7.003   -11.456  848  792   -1 1105
 853     5.421    34.529    17.856  226   -1  349  300
 854    27.194    49.161    -0.007   69   -1   77   42
 855   -11.636   -24.070    17.374 1107  990   -1 1471
 856   -14.880    -3.116    10.057  784  722   -1 1053
 857   -28.775   -28.169     1.868 1173   -1 1574 1518
 858   -13.045   -14.131    19.037  972   -1 1336 1319
 859    50.819    -8.888    -5.761  900  838 1169   -1
 860    29.017    34.098    19.443   -1  219  351  306
 861   -19.003    20.020   -16.805  412   -1  610  552
 862    26.144     0.786    13.854  731   -1  979  982
 863   -28.484    19.199   -24.401  421  424   -1  544
 864    51.244     7.212     1.017  615   -1  840  810
 865    36.280   -18.116    -2.470 1048   -1 1360 1353
 866   -29.349     8.560    -8.251   -1  560  830  775
 867   -33.676   -17.709     9.891 1025   -1 1398 1367
 868    24.707    21.121    12.347   -1  403  607  564
 869    38.782    48.336     4.175   -1   75   98   59
 870    39.313    -2.877     3.024  800   -1 1041 1047
 871   -62.212    32.684    14.984  243   -1  400  331
 872   -46.908   -21.092   -17.476 1073   -1 1422 1365
 873    11.547    22.836     5.315  371   -1  574  503
 874   -22.137   -18.257    -9.540   -1  947 1369 1338
 875   -11.992    35.010   -33.014  204   -1  307  248
 876    54.797    -7.643     6.705   -1  806 1144 1174
 877   -24.306   -16.147   -17.372 1010   -1 1307 1285
 878   -49.626    16.872     0.174   -1  431  704  633
 879   -58.823    23.086    25.474  365   -1  629  531
 880   -48.904    -4.486     2.949   -1  744 1126 1071
 881   -20.469    10.672    22.072  557   -1  834  766
 882    44.354    40.334   -12.977  138   -1  206  176
 883    28.921    53.519    -0.023   23   24   16   -1
 884    20.445   -30.934    -6.295   -1 1098 1558 1573
 885    25.191   -30.157     5.785   -1 1080 1588 1574
 886    14.969    -3.117   -21.653   -1  751 1023  999
 887    34.927    51.172   -19.306   27   -1   39   16
 888    38.320    13.579    21.499  526  495  757   -1
 889   -62.337   -26.142    21.116 1111   -1 1625 1511
 890   -14.357    -1.553    18.400   -1  711 1075 1032
 891   -50.019    22.020    -3.050   -1  359  613  511
 892   -50.178    23.848     1.131   -1  335  585  472
 893   -59.661   -16.735     6.044 1005   -1 1393 1334
 894    -5.031    31.035     8.882  287  240  406   -1
 895     1.708   -20.554   -17.160 1082   -1 1385 1372
 896    43.716    46.810    11.021   84   -1  125   91
 897   -23.345    33.065    25.231  238   -1  404  330
 898   -34.878   -25.755    -8.363 1138 1029   -1 1444
 899   -21.753    47.326    18.352   83   -1  136   89
 900    27.929   -31.116    14.187   -1 1094 1651 1649
 901    17.857   -31.681    12.935   -1 1110 1665 1666
 902    -7.937    35.576    12.803   -1  186  337  276
 903   -22.035    -6.157   -21.211  840   -1 1106 1052
 904   -50.885   -17.726    -6.629   -1  936 1390 1324
 905   -21.398   -23.445     0.042 1103  998   -1 1424
 906    57.387    19.255    14.923   -1  435  639  601
 907    34.613    16.661     7.069  479  472  674   -1
 908    49.258    28.976    -9.423   -1  322  408  360
 909    -7.444   -25.918    11.576 1131   -1 1545 1509
 910   -52.984   -19.960    15.719   -1  949 1461 1395
 911   -52.613    25.060   -21.757  335  317   -1  451
 912     2.899    36.897   -10.200  190  183   -1  224
 913    16.055   -32.465     8.247   -1 1124 1678 1664
 914   -37.580    -2.853     5.564  770   -1 1098 1036
 915   -12.658    46.522   -62.571   -1   54  106   84
 916   -14.178     5.477   -10.771  639   -1  865  845
 917   -15.635    32.029     7.040  261   -1  389  326
 918    24.753     0.654     7.493  723   -1  982  975
 919    40.512   -33.755    12.031   -1 1161 1681 1680
 920    17.219   -31.401    -5.074   -1 1115 1577 1592
 921    22.073   -32.037     5.786   -1 1112 1661 1645
 922    21.910   -30.001   -14.120   -1 1129 1543 1525
 923    -5.002   -31.674    10.487   -1 1101 1677 1633
 924     7.214    28.236   -18.333  314  289  427   -1
 925   -52.493     9.654   -23.736   -1  546  794  742
 926   -19.303    29.888    13.328  297   -1  447  371
 927   -47.459   -32.109    22.652 1206 1066   -1 1676
 928     0.424    28.873    -0.599  300   -1  448  383
 929    25.183    19.741   -20.213   -1  434  575  553
 930    40.254     1.871   -17.723  709  696  907   -1
 931   -36.225   -17.014   -14.767 1014   -1 1355 1296
 932    -6.333   -27.703    11.046 1168   -1 1576 1532
 933   -48.347    40.812    -4.679   -1  117  222  180
 934    15.063   -26.022    11.181 1139 1014 1528   -1
 935    32.782    -5.149    16.264  819  778 1130   -1
 936   -35.433    38.805   -14.286  158   -1  254  203
 937   -17.186     4.866    -1.512  636   -1  916  852
 938    16.470   -22.929   -19.848 1112   -1 1418 1400
 939   -40.632    31.250    22.188   -1  223  451  356
 940    31.344   -11.016    -8.236  945  853 1201   -1
 941    43.979    12.510     0.890  538   -1  743  722
 942    51.534    17.989    -6.351   -1  468  631  595
 943    -7.112   -32.114     1.066   -1 1146 1642 1625
 944    24.261    17.604     0.908   -1  457  653  619
 945    20.499    38.035     1.536  180   -1  268  219
 946    28.923   -14.057    19.887  982   -1 1304 1335
 947    28.422    -5.771   -10.812   -1  795 1092 1073
 948     2.281   -15.504    18.220  988  899   -1 1356
 949   -35.495     9.082    18.716  571   -1  869  796
 950    16.300    12.438    -3.758  548  511  740   -1
 951   -53.075     9.422     4.278   -1  533  845  778
 952    13.547    40.659    20.283  146  148  244   -1
 953   -41.920    35.266    11.595  202   -1  362  270
 954    11.092    16.470    10.760  475  461   -1  663
 955    40.500    -0.137    22.226   -1  702 1004 1026
 956    -7.357    13.949     8.525  509   -1  742  703
 957    23.516    -1.021     1.185  771   -1  998  997
 958   -40.112   -12.080    14.947  910   -1 1309 1265
 959   -56.114    39.291     1.604  143  139  279   -1
 960    35.304   -25.582   -17.761 1177   -1 1445 1447
 961   -41.278    -8.968     9.332  877  798   -1 1164
 962   -19.189    -6.888   -26.250  857   -1 1102 1059
 963    12.745    43.105    17.448  123  119  176   -1
 964   -52.492    19.924   -21.237  409  388   -1  562
 965    19.910    -2.464    11.386  783   -1 1052 1066
 966    41.169   -24.157   -14.435 1145   -1 1419 1441
 967   -60.465    -0.665     6.019  747   -1 1051  994
 968    38.464    23.889    13.973   -1  360  533  504
 969    32.276    14.550    20.480   -1  485  724  712
 970   -16.018    -0.775    15.369  740  697   -1 1023
 971    -6.209    39.861    16.562  152  145   -1  211
 972    34.624    -3.000    11.362  789  742 1073   -1
 973   -13.715    37.887   -35.739  163   -1  245  202
 974    12.031    29.111    -7.879  295   -1  433  374
 975    -9.997    26.115    12.342  347   -1  521  448
 976    44.599    16.411   -13.644  482   -1  652  626
 977     7.688     8.468    -5.986   -1  578  814  786
 978    30.713    49.148    -9.468   55   63   71   -1
 979   -40.589   -22.789    10.850 1094   -1 1489 1436
 980    29.839    50.973   -12.133   29   47   52   -1
 981   -62.527   -18.827   -20.329 1042  948   -1 1312
 982   -49.649   -19.266    -2.366   -1  951 1417 1362
 983   -57.066     1.832    20.472   -1  656 1039  952
 984    -9.954   -28.517    14.499 1174   -1 1619 1549
 985   -42.942   -12.076     0.200  915   -1 1285 1235
 986    20.809   -14.883    17.922  981  898 1351   -1
 987    16.250     4.555   -27.858  669   -1  850  818
 988   -55.479    15.952    13.804   -1  439  738  672
 989    14.894   -24.218   -16.647 1129 1017   -1 1435
 990   -27.914    18.405    26.244  441   -1  703  627
 991   -57.915    43.832    20.027   -1   81  189  156
 992   -18.487    36.130     2.666  197   -1  328  251
 993   -15.205    30.741    16.228  275   -1  437  367
 994   -60.760    -3.419   -16.318  768  740   -1 1017
 995   -17.532   -30.679     7.177   -1 1096 1659 1562
 996   -48.165    -2.132    23.552   -1  705 1141 1039
 997   -62.179   -26.603     6.602 1133   -1 1596 1498
 998   -48.273   -14.189    -8.235   -1  884 1322 1254
 999    -4.822   -20.759     3.380 1068   -1 1423 1407
1000   -34.007     6.454   -16.559  611   -1  860  805
1001    30.010   -20.495    -7.777 1098  970 1366   -1
1002   -59.011    10.464   -12.072  553  527  802   -1
1003    17.682    32.593    -3.698  262  220  354   -1
1004   -54.886   -11.570    10.572   -1  846 1298 1232
1005    47.414    21.833   -14.613  406  408   -1  489
1006   -60.795   -11.021   -17.985  923   -1 1244 1157
1007    15.445    36.902    -2.455  176   -1  293  249
1008     8.956   -30.879     8.443 1229 1065   -1 1631
1009     2.131    22.692    15.016  392   -1  584  514
1010   -31.739   -25.860    -6.526 1135 1023 1522   -1
1011   -26.426   -13.856    14.649  947   -1 1340 1301
1012     1.872   -16.150    -0.836 1020   -1 1323 1326
1013   -35.322    24.149   -19.342  357   -1  540  441
1014   -25.400    -8.897     1.233  868   -1 1209 1169
1015    51.961    15.450    -0.485  499  500  680   -1
1016   -60.391    19.930    19.092  410   -1  686  583
1017    50.733    -7.715    -2.703   -1  828 1115 1154
1018   -54.678    50.993   -15.793   31   -1   55   35
1019   -35.094   -26.212   -20.350 1151 1049   -1 1429
1020    47.873   -24.781    -2.438 1149 1016 1453   -1
1021   -60.157   -11.376    22.930   -1  832 1315 1268
1022   -22.735    -0.673    -0.460  727   -1 1037  985
1023   -52.390    49.157   -12.787   61   -1   91   60
1024    38.059    30.925    11.028   -1  270  405  342
1025   -50.935    43.640    14.053   -1   83  187  157
1026   -44.813    -0.943    21.134  736  693   -1 1014
1027    -5.987    -7.726    14.170  855  797   -1 1185
1028   -21.444   -15.887    10.111  995   -1 1350 1348
1029    10.241    -0.547     9.709  746  703 1036   -1
1030   -17.088     1.025   -11.698   -1  689  958  925
1031    12.566     5.217   -16.651  653   -1  857  825
1032   -43.909     8.177     1.283  585  570   -1  773
1033    -0.069     6.657   -21.669   -1  602  836  794
1034    -5.065    20.458   -10.669  407   -1  601  560
1035     2.912    21.610   -21.711  405   -1  547  509
1036   -21.904    43.002    77.864  136   -1  252  195
1037    38.584    28.005    11.267   -1  300  466  421
1038    10.459   -15.384   -19.690 1028  914   -1 1262
1039    31.704   -29.267    15.154 1198   -1 1590 1594
1040    36.493    54.558    -9.610   10   18    9   -1
1041    20.695   -22.343     2.821 1096   -1 1435 1439
1042    -9.269    43.712    24.729  112  114  200   -1
1043   -37.287    19.966    -4.637  427   -1  622  571
1044   -20.924    44.893   -13.291   91   -1  139  106
1045    -7.140    -9.987   -10.548  914   -1 1186 1186
1046   -49.027   -30.832     2.410 1197 1069   -1 1560
1047   -27.326    10.781   -21.843  561  536  765   -1
1048   -50.587    23.009     0.053   -1  354  592  479
1049    40.130    11.945    -8.909  541  544  741   -1
1050     0.659   -21.687     6.438 1091   -1 1454 1413
1051     7.436     6.085   -17.216   -1  619  852  802
1052    15.132    10.848    -0.001   -1  525  788  751
1053    23.785   -31.987     9.345   -1 1100 1668 1654
1054     7.110    23.241     0.827  368   -1  554  494
1055     9.375    -7.909     2.748  863  807 1171   -1
1056   -61.438    -3.314     3.819  762  723   -1 1049
1057     7.491   -13.347   -17.790  969  906   -1 1236
1058   -15.313    32.916    28.859  244   -1  415  323
1059   -49.992    38.840    12.922   -1  133  287  235
1060   -34.238    28.137   -20.400  313   -1  439  380
1061    -7.184   -16.014   -14.753 1021   -1 1311 1275
1062   -29.715   -26.167    -9.917   -1 1026 1501 1468
1063   -42.209     0.338   -16.890  719   -1  985  915
1064   -20.826    -2.740     4.702  778  724   -1 1020
1065   -17.168    36.282   -39.186  184   -1  282  222
1066   -39.272    42.272    16.963  130   -1  211  170
1067    30.586    43.115     2.277   -1  125  168  125
1068   -29.626    18.640    -8.664   -1  415  640  593
1069   -20.835    -7.532     6.207  858   -1 1185 1156
1070   -15.252    15.203    -8.333  500   -1  695  651
1071   -22.936    15.439   -10.484  476   -1  713  635
1072   -17.002    11.726    18.717  551   -1  808  739
1073    38.507    -1.849    12.213   -1  714 1040 1048
1074   -50.336    -5.036     5.386   -1  755 1172 1062
1075    16.123    34.142    -3.385  227  211   -1  296
1076    12.226    44.200    -6.218   94  104   -1  127
1077   -19.829     6.077   -16.028  631   -1  847  814
1078    13.711     1.379     7.065  702   -1  973  953
1079    17.687     9.390   -21.374  575  581   -1  747
1080    21.422   -31.688   -15.117   -1 1133 1559 1568
1081   -56.430    31.340    -7.384  257  217  420   -1
1082     7.952    40.789    -6.344  135   -1  223  161
1083   -27.310    49.164    10.155   68   -1   94   65
1084    -2.925     3.404     4.562  665  643   -1  916
1085   -34.985   -31.117   -13.777 1221   -1 1621 1529
1086    25.841    29.422   -16.861   -1  276  410  358
1087   -23.985    10.953    15.139  547  515   -1  771
1088    24.551     7.015    17.307   -1  594  889  837
1089    12.608   -28.297    15.315 1180 1035 1594   -1
1090    10.434   -30.135    -3.978 1211 1105 1583   -1
1091    55.707    -6.010     2.348   -1  803 1109 1115
1092    15.392    21.383   -11.639  414   -1  556  532
1093    37.135     0.334     7.251   -1  694  971  981
1094   -20.516   -30.050   -18.702 1210 1130   -1 1499
1095   -12.984    31.038    -0.978  254  266  413   -1
1096    51.745     7.840     4.643  621   -1  823  801
1097   -37.787    16.229    -0.131  451   -1  727  640
1098     9.892     9.283    18.674   -1  565  821  809
1099   -28.633     1.152     9.711  721   -1  981  964
1100   -22.386   -10.835     9.309  898   -1 1279 1213
1101   -27.688    21.260   -11.756   -1  393  572  537
1102    53.667   -37.363   -14.596   -1   -1 1685 1681
1103    19.990    52.833   -38.398    5   -1   15   -1
1104    50.518    -3.252     3.266  805   -1 1048   -1
1105    56.351   -14.375    10.478   -1  897 1281   -1
1106   -64.207    10.682     8.439  545   -1   -1  753
1107     7.461   -19.348    11.314 1050  944   -1   -1
1108    51.879    -0.069     7.951   -1   -1  972  998
1109   -60.359    53.398     6.371   -1   -1   35    2
1110   -44.414    38.141    22.143  168  154   -1   -1
1111    -6.839    51.697    -6.614   -1   -1   47   11
1112    -8.955     7.156    13.761  609  582   -1   -1
1113    38.164   -24.401    21.580   -1   -1 1497 1513
1114    24.853    26.434     7.860   -1   -1  503  432
1115    -3.481    50.789    -2.390   37   39   -1   -1
1116    -3.020     9.302   -32.980  581   -1  777   -1
1117   -21.986    53.456    -9.452   -1   16   29   -1
1118    26.329     5.186   -26.292   -1  633   -1  821
1119   -60.673    45.429    27.571   -1   73  165   -1
1120   -57.480    13.454   -32.824  507   -1  722   -1
1121    50.198    57.666     8.728   -1    9    5   -1
1122   -18.145    56.043    -9.362   -1    6    8   -1
1123    50.818    10.191   -17.035  589   -1   -1  732
1124   -49.889    53.865   -18.118    1   -1   30   -1
1125    50.655    32.940     9.519  246   -1   -1  320
1126    56.308    24.188    21.759   -1  357   -1  512
1127   -39.854    55.570    13.110    2   12   -1   -1
1128   -22.174   -35.519    -7.685   -1   -1 1705 1651
1129   -41.409   -11.789    14.364  911   -1 1303   -1
