          3        -40          0         -8
          5        -40         25          8
          8        -35          0         -8
          9        -35         15          0
         10        -35         25          8
         13        -30          0         -8
         14        -30         15          0
         15        -30         25          8
         18        -25          0         -8
         19        -25         15          0
         20        -25         25          8
         23        -20          0         -8
         24        -20         15          0
         25        -20         25          8
         28        -15          0         -8
         29        -15         15          0
         30        -15         25          8
         33        -10          0         -8
         34        -10         15          0
         35        -10         25          8
         38         -5          0         -8
         39         -5         15          0
         40         -5         25          8
         43          0          0         -8
         44          0         15          0
         45          0         25          8
         48          5          0         -8
         49          5         15          0
         50          5         25          8
         53         10          0         -8
         54         10         15          0
         55         10         25          8
         58         15          0         -8
         59         15         15          0
         60         15         25          8
         63         20          0         -8
         64         20         15          0
         65         20         25          8
         68         25          0         -8
         69         25         15          0
         70         25         25          8
         72         30          0         -8
         73         30         25          8
