    1    0.00  -30.00  -16.00
    2   15.00  -30.00   -8.00
    3  -15.00  -25.00   -8.00
    4    0.00  -25.00  -16.00
    5   15.00  -25.00   -8.00
    6   25.00  -25.00   -0.00
    7  -25.00  -20.00    0.00
    8  -15.00  -20.00   -8.00
    9    0.00  -20.00  -16.00
   10   15.00  -20.00   -8.00
   11   25.00  -20.00   -0.00
   12  -25.00  -15.00    0.00
   13  -15.00  -15.00   -8.00
   14    0.00  -15.00  -16.00
   15   15.00  -15.00   -8.00
   16   25.00  -15.00   -0.00
   17  -25.00  -10.00    0.00
   18  -15.00  -10.00   -8.00
   19    0.00  -10.00  -16.00
   20   15.00  -10.00   -8.00
   21   25.00  -10.00    0.00
   22  -25.00   -5.00    0.00
   23  -15.00   -5.00   -8.00
   24    0.00   -5.00  -16.00
   25   15.00   -5.00   -8.00
   26   25.00   -5.00    0.00
   27  -25.00    0.00    0.00
   28  -15.00    0.00   -8.00
   29    0.00    0.00  -16.00
   30   15.00    0.00   -8.00
   31   25.00    0.00    0.00
   32  -25.00    5.00    0.00
   33  -15.00    5.00   -8.00
   34    0.00    5.00  -16.00
   35   15.00    5.00   -8.00
   36   25.00    5.00    0.00
   37  -25.00   10.00    0.00
   38  -15.00   10.00   -8.00
   39    0.00   10.00  -16.00
   40   15.00   10.00   -8.00
   41   25.00   10.00    0.00
   42  -25.00   15.00    0.00
   43  -15.00   15.00   -8.00
   44    0.00   15.00  -16.00
   45   15.00   15.00   -8.00
   46   25.00   15.00    0.00
   47  -25.00   20.00    0.00
   48  -15.00   20.00   -8.00
   49    0.00   20.00  -16.00
   50   15.00   20.00   -8.00
   51   25.00   20.00    0.00
   52  -25.00   25.00    0.00
   53  -15.00   25.00   -8.00
   54   25.00   25.00    0.00
