    1  -25.00  -30.00    0.00
    2  -25.00  -25.00    0.00
    3  -15.00  -25.00   -8.00
    4   15.00  -25.00   -8.00
    5   25.00  -25.00   -0.00
    6  -25.00  -20.00    0.00
    7  -15.00  -20.00   -8.00
    8    0.00  -20.00  -16.00
    9   15.00  -20.00   -8.00
   10   25.00  -20.00   -0.00
   11  -25.00  -15.00    0.00
   12  -15.00  -15.00   -8.00
   13    0.00  -15.00  -16.00
   14   15.00  -15.00   -8.00
   15   25.00  -15.00   -0.00
   16  -25.00  -10.00    0.00
   17  -15.00  -10.00   -8.00
   18    0.00  -10.00  -16.00
   19   15.00  -10.00   -8.00
   20   25.00  -10.00    0.00
   21  -25.00   -5.00    0.00
   22  -15.00   -5.00   -8.00
   23    0.00   -5.00  -16.00
   24   15.00   -5.00   -8.00
   25   25.00   -5.00    0.00
   26  -25.00    0.00    0.00
   27  -15.00    0.00   -8.00
   28    0.00    0.00  -16.00
   29   15.00    0.00   -8.00
   30   25.00    0.00    0.00
   31  -25.00    5.00    0.00
   32  -15.00    5.00   -8.00
   33    0.00    5.00  -16.00
   34   15.00    5.00   -8.00
   35   25.00    5.00    0.00
   36  -25.00   10.00    0.00
   37  -15.00   10.00   -8.00
   38    0.00   10.00  -16.00
   39   15.00   10.00   -8.00
   40   25.00   10.00    0.00
   41  -25.00   15.00    0.00
   42  -15.00   15.00   -8.00
   43    0.00   15.00  -16.00
   44   15.00   15.00   -8.00
   45   25.00   15.00    0.00
   46  -25.00   20.00    0.00
   47  -15.00   20.00   -8.00
   48    0.00   20.00  -16.00
   49   15.00   20.00   -8.00
   50   25.00   20.00    0.00
   51  -25.00   25.00    0.00
   52  -15.00   25.00   -8.00
   53    0.00   25.00  -16.00
   54   15.00   25.00   -8.00
   55   25.00   25.00    0.00
   56  -15.00   30.00   -8.00
   57    0.00   30.00  -16.00
   58   15.00   30.00   -8.00
