    1  -25.00  -30.00    0.00
    2  -15.00  -30.00   -8.00
    3    0.00  -30.00  -16.00
    4  -25.00  -25.00    0.00
    5  -15.00  -25.00   -8.00
    6    0.00  -25.00  -16.00
    7   15.00  -25.00   -8.00
    8  -25.00  -20.00    0.00
    9  -15.00  -20.00   -8.00
   10    0.00  -20.00  -16.00
   11   15.00  -20.00   -8.00
   12   25.00  -20.00   -0.00
   13  -25.00  -15.00    0.00
   14  -15.00  -15.00   -8.00
   15    0.00  -15.00  -16.00
   16   15.00  -15.00   -8.00
   17   25.00  -15.00   -0.00
   18  -25.00  -10.00    0.00
   19  -15.00  -10.00   -8.00
   20    0.00  -10.00  -16.00
   21   15.00  -10.00   -8.00
   22   25.00  -10.00    0.00
   23  -25.00   -5.00    0.00
   24  -15.00   -5.00   -8.00
   25    0.00   -5.00  -16.00
   26   15.00   -5.00   -8.00
   27   25.00   -5.00    0.00
   28  -25.00    0.00    0.00
   29  -15.00    0.00   -8.00
   30    0.00    0.00  -16.00
   31   15.00    0.00   -8.00
   32   25.00    0.00    0.00
   33  -25.00    5.00    0.00
   34  -15.00    5.00   -8.00
   35    0.00    5.00  -16.00
   36   15.00    5.00   -8.00
   37   25.00    5.00    0.00
   38  -25.00   10.00    0.00
   39  -15.00   10.00   -8.00
   40    0.00   10.00  -16.00
   41   15.00   10.00   -8.00
   42   25.00   10.00    0.00
   43  -25.00   15.00    0.00
   44  -15.00   15.00   -8.00
   45    0.00   15.00  -16.00
   46   15.00   15.00   -8.00
   47   25.00   15.00    0.00
   48  -25.00   20.00    0.00
   49  -15.00   20.00   -8.00
   50    0.00   20.00  -16.00
   51   15.00   20.00   -8.00
   52   25.00   20.00    0.00
   53   15.00   25.00   -8.00
   54   25.00   25.00    0.00
